Himmelblau.txt
ncols	501	
nrows	501	
xllcorner	501	
yllcorner	501	
cellsize	1	
NODATA_value	-9999	
[rows 242 to 263 of 501, columns 51 to 101 of 501]
757.67703236 760.76872256 763.8083507599999 766.79648576 769.73369348 772.62053696 775.45757636 778.24536896 780.98446916 783.67542848 786.31879556 788.91511616 791.46493316 793.96878656 796.42721348 798.84074816 801.20992196 803.53526336 805.81729796 808.05654848 810.25353476 812.40877376 814.52277956 816.59606336 818.6291334800001 820.62249536 822.57665156 824.49210176 826.36934276 828.2088684800001 830.01116996 831.77673536 833.50604996 835.19959616 836.85785348 838.48129856 840.0704051600001 841.62564416 843.14748356 844.6363884799999 846.09282116 847.51724096 848.91010436 850.27186496 851.60297348 852.90387776 854.17502276 855.4168505600001 856.62980036 857.81430848 858.97080836
757.2277037599999 760.32433796 763.36888616 766.3619171600001 769.30399688 772.1956883600001 775.03755176 777.8301443600001 780.57402056 783.26973188 785.91782696 788.51885156 791.07334856 793.58185796 796.04491688 798.46305956 800.8368173599999 803.16671876 805.45328936 807.69705188 809.8985261600001 812.05822916 814.1766749599999 816.25437476 818.29183688 820.2895667600001 822.24806696 824.16783716 826.0493741600001 827.89317188 829.69972136 831.46951076 833.20302536 834.90074756 836.56315688 838.19072996 839.78394056 841.34325956 842.86915496 844.36209188 845.82253256 847.25093636 848.64775976 850.01345636 851.34847688 852.65326916 853.92827816 855.17394596 856.39071176 857.57901188 858.73927976
756.79088036 759.89243456 762.94187876 765.93978176 768.88670948 771.78322496 774.62988836 777.42725696 780.17588516 782.87632448 785.52912356 788.13482816 790.69398116 793.20712256 795.67478948 798.0975161599999 800.47583396 802.81027136 805.10135396 807.3496044799999 809.55554276 811.71968576 813.84254756 815.92463936 817.96646948 819.96854336 821.93136356 823.85542976 825.74123876 827.5892844800001 829.40005796 831.17404736 832.91173796 834.61361216 836.2801494800001 837.91182656 839.50911716 841.07249216 842.60241956 844.09936448 845.5637891599999 846.99615296 848.39691236 849.76652096 851.10542948 852.41408576 853.69293476 854.94241856 856.16297636 857.3550444800001 858.5190563599999
756.3665808799999 759.47303108 762.52734728 765.53009828 768.48185 771.38316548 774.23460488 777.03672548 779.79008168 782.495225 785.15270408 787.7630646800001 790.3268496799999 792.84459908 795.3168499999999 797.74413668 800.1269904799999 802.46593988 804.76151048 807.014225 809.22460328 811.39316228 813.5204160799999 815.60687588 817.65305 819.65944388 821.62656008 823.55489828 825.44495528 827.297225 829.11219848 830.89036388 832.63220648 834.33820868 836.00885 837.64460708 839.24595368 840.81336068 842.34729608 843.848225 845.31660968 846.75290948 848.15758088 849.53107748 850.87385 852.18634628 853.46901128 854.72228708 855.94661288 857.142425 858.31015688
755.95482116 759.0661433600001 762.12530756 765.1328825600001 768.08943428 770.99552576 773.85171716 776.65856576 779.41662596 782.12644928 784.78858436 787.40357696 789.97196996 792.49430336 794.9711142799999 797.40293696 799.79030276 802.13374016 804.43377476 806.69092928 808.9057235600001 811.0786745600001 813.21029636 815.30110016 817.35159428 819.36228416 821.33367236 823.26625856 825.1605395600001 827.01700928 828.83615876 830.61847616 832.36444676 834.07455296 835.74927428 837.3890873600001 838.9944659600001 840.56588096 842.10380036 843.60868928 845.08100996 846.52122176 847.92978116 849.30714176 850.6537542799999 851.9700665600001 853.25652356 854.51356736 855.74163716 856.9411692799999 858.11259716
755.55561416 758.6717843600001 761.73577256 764.74814756 767.70947528 770.62031876 773.48123816 776.29279076 779.0555309599999 781.77001028 784.4367773600001 787.05637796 789.62935496 792.15624836 794.6375952799999 797.07392996 799.46578376 801.81368516 804.11815976 806.37973028 808.59891656 810.77623556 812.9122013599999 815.0073251599999 817.06211528 819.07707716 821.05271336 822.9895235600001 824.88800456 826.74865028 828.57195176 830.35839716 832.10847176 833.82265796 835.50143528 837.14528036 838.75466696 840.33006596 841.8719453599999 843.38077028 844.8570029599999 846.3011027599999 847.71352616 849.09472676 850.44515528 851.76525956 853.05548456 854.31627236 855.54806216 856.75129028 857.92639016
755.1689699599999 758.28996416 761.3587523599999 764.3759033599999 767.34198308 770.25755456 773.12317796 775.9394105599999 778.7068067600001 781.42591808 784.0972931599999 786.72147776 789.29901476 791.83044416 794.3163030799999 796.75712576 799.1534435599999 801.50578496 803.81467556 806.08063808 808.30419236 810.48585536 812.62614116 814.7255609599999 816.78462308 818.8038329599999 820.78369316 822.72470336 824.62736036 826.49215808 828.3195875600001 830.11013696 831.86429156 833.58253376 835.26534308 836.91319616 838.52656676 840.10592576 841.65174116 843.16447808 844.64459876 846.09256256 847.50882596 848.8938425599999 850.24806308 851.57193536 852.86590436 854.13041216 855.36589796 856.57279808 857.7515459599999
754.79489576 757.92068996 760.99425416 764.01615716 766.98696488 769.9072403600001 772.77754376 775.5984323600001 778.3704605600001 781.09417988 783.7701389599999 786.3988835600001 788.98095656 791.51689796 794.0072448799999 796.45253156 798.85328936 801.2100467600001 803.5233293599999 805.79365988 808.02155816 810.20754116 812.35212296 814.4558147600001 816.5191248799999 818.54255876 820.52661896 822.47180516 824.3786141600001 826.24753988 828.0790733599999 829.87370276 831.63191336 833.35418756 835.04100488 836.69284196 838.3101725600001 839.89346756 841.44319496 842.9598198799999 844.44380456 845.89560836 847.31568776 848.70449636 850.0624848799999 851.39010116 852.68779016 853.95599396 855.19515176 856.4056998799999 857.58807176
754.4333958799999 757.56396608 760.64228228 763.66891328 766.644425 769.5693804800001 772.44433988 775.26986048 778.04649668 780.7748 783.45531908 786.08859968 788.67518468 791.21561408 793.710425 796.16015168 798.56532548 800.92647488 803.24412548 805.5188 807.7510182799999 809.94129728 812.0901510799999 814.19809088 816.265625 818.2932588799999 820.28149508 822.2308332800001 824.1417702800001 826.0148 827.85041348 829.64909888 831.41134148 833.13762368 834.828425 836.48422208 838.10548868 839.69269568 841.2463110799999 842.7668 844.25462468 845.71024448 847.13411588 848.52669248 849.888425 851.2197612800001 852.52114628 853.79302208 855.0358278799999 856.25 857.43597188
754.08447176 757.2197939600001 760.30283816 763.3341731600001 766.3143648800001 769.24397636 772.12356776 774.95369636 777.73491656 780.4677798800001 783.1528349600001 785.7906275600001 788.3817005599999 790.92659396 793.42584488 795.87998756 798.2895533599999 800.65507076 802.97706536 805.2560598800001 807.49257416 809.68712516 811.84022696 813.95239076 816.02412488 818.05593476 820.04832296 822.00178916 823.91683016 825.79393988 827.63360936 829.43632676 831.20257736 832.93284356 834.62760488 836.2873379600001 837.9125165600001 839.50361156 841.06109096 842.58541988 844.07706056 845.53647236 846.96411176 848.36043236 849.72588488 851.06091716 852.3659741600001 853.64149796 854.88792776 856.10569988 857.29524776
753.7481219599999 756.8881721600001 759.97592036 763.01193536 765.99678308 768.9310265600001 771.81522596 774.64993856 777.43571876 780.17311808 782.8626851600001 785.50496576 788.1005027599999 790.64983616 793.1535030800001 795.61203776 798.02597156 800.39583296 802.7221475599999 805.00543808 807.24622436 809.44502336 811.60234916 813.71871296 815.7946230800001 817.83058496 819.82710116 821.78467136 823.7037923600001 825.58495808 827.42865956 829.23538496 831.00561956 832.73984576 834.43854308 836.10218816 837.73125476 839.32621376 840.88753316 842.41567808 843.91111076 845.37429056 846.8056739599999 848.2057145599999 849.57486308 850.91356736 852.22227236 853.50142016 854.75144996 855.97279808 857.1658979599999
753.4243421599999 756.56909636 759.66152456 762.7021955600001 765.69167528 768.6305267600001 771.51931016 774.35858276 777.14889896 779.89081028 782.5848653600001 785.23160996 787.83158696 790.3853363599999 792.8933952799999 795.3562979599999 797.77457576 800.1487571600001 802.47936776 804.76693028 807.01196456 809.2149875599999 811.37651336 813.49705316 815.57711528 817.61720516 819.61782536 821.57947556 823.50265256 825.3878502800001 827.23555976 829.0462691600001 830.8204637599999 832.55862596 834.2612352799999 835.92876836 837.5616989600001 839.1604979599999 840.72563336 842.25757028 843.7567709599999 845.22369476 846.6587981600001 848.06253476 849.43535528 850.77770756 852.09003656 853.37278436 854.62639016 855.8512902800001 857.04791816
753.11312516 756.2625593600001 759.35964356 762.4049465600001 765.39903428 768.3424697600001 771.23581316 774.07962176 776.87444996 779.62084928 782.31936836 784.9705529600001 787.5749459599999 790.13308736 792.64551428 795.1127609600001 797.53535876 799.9138361600001 802.24871876 804.54052928 806.78978756 808.99701056 811.16271236 813.28740416 815.37159428 817.41578816 819.42048836 821.38619456 823.3134035600001 825.20260928 827.05430276 828.86897216 830.64710276 832.38917696 834.09567428 835.76707136 837.40384196 839.00645696 840.57538436 842.11108928 843.61403396 845.08467776 846.52347716 847.93088576 849.30735428 850.65333056 851.96925956 853.25558336 854.51274116 855.74116928 856.94130116
752.81446088 755.96855108 759.07026728 762.12017828 765.1188500000001 768.06684548 770.96472488 773.81304548 776.61236168 779.363225 782.0661840800001 784.72178468 787.3305696799999 789.89307908 792.40985 794.88141668 797.30831048 799.69105988 802.03019048 804.326225 806.5796832799999 808.79108228 810.96093608 813.08975588 815.17805 817.22632388 819.23508008 821.20481828 823.13603528 825.029225 826.88487848 828.70348388 830.48552648 832.23148868 833.94185 835.61708708 837.25767368 838.86408068 840.43677608 841.976225 843.48288968 844.95722948 846.39970088 847.81075748 849.19085 850.54042628 851.85993128 853.14980708 854.41049288 855.642425 856.84603688
752.52833636 755.68705856 758.79338276 761.8478777600001 764.85110948 767.8036409599999 770.70603236 773.55884096 776.36262116 779.11792448 781.8252995600001 784.48529216 787.09844516 789.66529856 792.18638948 794.66225216 797.09341796 799.48041536 801.82376996 804.1240044799999 806.38163876 808.59718976 810.77117156 812.90409536 814.99646948 817.04879936 819.06158756 821.0353337600001 822.9705347600001 824.86768448 826.72727396 828.5497913600001 830.33572196 832.08554816 833.7997494800001 835.4788025600001 837.1231811600001 838.73335616 840.30979556 841.85296448 843.36332516 844.84133696 846.28745636 847.70213696 849.08582948 850.43898176 851.76203876 853.05544256 854.31963236 855.55504448 856.76211236
752.25473576 755.4180659599999 758.52897416 761.58802916 764.59579688 767.55284036 770.45971976 773.31699236 776.12521256 778.88493188 781.59669896 784.26105956 786.87855656 789.44972996 791.97511688 794.45525156 796.89066536 799.28188676 801.62944136 803.93385188 806.19563816 808.41531716 810.59340296 812.73040676 814.82683688 816.88319876 818.89999496 820.87772516 822.81688616 824.71797188 826.58147336 828.40787876 830.19767336 831.95133956 833.66935688 835.35220196 837.00034856 838.61426756 840.19442696 841.74129188 843.25532456 844.73698436 846.1867277599999 847.6050083599999 848.99227688 850.34898116 851.67556616 852.97247396 854.24014376 855.47901188 856.68951176
751.99364036 755.16155456 758.27702276 761.34061376 764.35289348 767.31442496 770.22576836 773.08748096 775.90011716 778.66422848 781.38036356 784.0490681599999 786.6708851599999 789.24635456 791.77601348 794.26039616 796.7000339599999 799.09545536 801.44718596 803.75574848 806.02166276 808.2454457599999 810.42761156 812.56867136 814.66913348 816.7295033600001 818.75028356 820.73197376 822.6750707599999 824.58006848 826.4474579600001 828.27772736 830.07136196 831.82884416 833.55065348 835.23726656 836.88915716 838.50679616 840.09065156 841.64118848 843.15886916 844.6441529599999 846.09749636 847.51935296 848.9101734799999 850.27040576 851.60049476 852.90088256 854.17200836 855.41430848 856.62821636
751.7450285599999 754.9175027599999 758.03750696 761.10560996 764.12237768 767.08837316 770.00415656 772.87028516 775.68731336 778.4557926800001 781.17627176 783.84929636 786.47540936 789.05515076 791.58905768 794.07766436 796.52150216 798.92109956 801.27698216 803.5896726799999 805.8596909600001 808.08755396 810.27377576 812.4188675600001 814.5233376799999 816.5876915599999 818.6124317599999 820.59805796 822.54506696 824.45395268 826.32520616 828.15931556 829.95676616 831.71804036 833.44361768 835.13397476 836.78958536 838.41092036 839.99844776 841.55263268 843.07393736 844.56282116 846.01974056 847.44514916 848.83949768 850.20323396 851.53680296 852.84064676 854.1152045599999 855.36091268 856.57820456
751.50887588 754.68588608 757.8104022800001 760.88299328 763.904225 766.8746604800001 769.79485988 772.6653804800001 775.48677668 778.2596000000001 780.98439908 783.66171968 786.29210468 788.87609408 791.414225 793.90703168 796.35504548 798.75879488 801.11880548 803.4356 805.70969828 807.94161728 810.13187108 812.28097088 814.3894250000001 816.4577388800001 818.48641508 820.47595328 822.42685028 824.3396 826.21469348 828.05261888 829.85386148 831.61890368 833.3482250000001 835.04230208 836.70160868 838.32661568 839.91779108 841.4756 843.00050468 844.49296448 845.95343588 847.38237248 848.780225 850.1474412800001 851.48446628 852.79174208 854.06970788 855.3188 856.53945188
751.28515496 754.46667716 757.59568136 760.67273636 763.69840808 766.67325956 769.59785096 772.47273956 775.29847976 778.07562308 780.80471816 783.48631076 786.1209437599999 788.7091571599999 791.25148808 793.7484707599999 796.20063656 798.60851396 800.97262856 803.2935030799999 805.57165736 807.80760836 810.00187016 812.15495396 814.26736808 816.3396179599999 818.37220616 820.3656323600001 822.32039336 824.2369830800001 826.11589256 827.95760996 829.76262056 831.53140676 833.26444808 834.96222116 836.62519976 838.25385476 839.84865416 841.41006308 842.93854376 844.43455556 845.89855496 847.33099556 848.73232808 850.10300036 851.44345736 852.75414116 854.03549096 855.28794308 856.51193096
751.07383556 754.25984576 757.39331396 760.47480896 763.50489668 766.48414016 769.41309956 772.29233216 775.12239236 777.9038316799999 780.63719876 783.3230393599999 785.96189636 788.55430976 791.10081668 793.6019513599999 796.05824516 798.47022656 800.83842116 803.16335168 805.44553796 807.68549696 809.88374276 812.04078656 814.15713668 816.23329856 818.26977476 820.26706496 822.22566596 824.14607168 826.02877316 827.87425856 829.68301316 831.45551936 833.19225668 834.89370176 836.56032836 838.19260736 839.79100676 841.35599168 842.8880243599999 844.38756416 845.85506756 847.29098816 848.69577668 850.06988096 851.41374596 852.72781376 854.01252356 855.26831168 856.49561156
750.87488456 754.06535876 757.2032669600001 760.28917796 763.32365768 766.30726916 769.24057256 772.12412516 774.95848136 777.74419268 780.48180776 783.1718723600001 785.81492936 788.41151876 790.96217768 793.46744036 795.92783816 798.34389956 800.71615016 803.04511268 805.33130696 807.5752499600001 809.77745576 811.93843556 814.05869768 816.13874756 818.17908776 820.18021796 822.14263496 824.0668326800001 825.95330216 827.80253156 829.61500616 831.3912083600001 833.13161768 834.8367107600001 836.50696136 838.14284036 839.7448157599999 841.31335268 842.84891336 844.35195716 845.82294056 847.26231716 848.67053768 850.0480499600001 851.39529896 852.71272676 854.00077256 855.2598726800001 856.49046056
