Himmelblau.txt
ncols	501	
nrows	501	
xllcorner	10001	
yllcorner	10001	
cellsize	1	
NODATA_value	-9999	
[rows 66 to 87 of 501, columns 196 to 244 of 501]
395.80140096 395.21768196000005 394.63853376000003 394.06410756 393.49455168000003 392.93001156 392.37062976000004 391.81654596000004 391.26789696000003 390.72481668 390.18743616 389.65588356 389.13028416000003 388.61076036000003 388.09743168 387.59041476000004 387.08982336 386.59576836 386.10835776 385.62769668 385.15388736 384.68702916 384.22721856 383.77454916000005 383.32911168 382.89099396000006 382.46028096 382.03705476000005 381.62139456 381.21337668 380.81307456 380.42055876000006 380.03589696000006 379.65915396 379.29039168 378.92966916 378.57704256 378.23256516000004 377.89628736000003 377.56825668000005 377.24851776 376.93711236 376.63407936000004 376.33945476 376.05327168 375.77556036 375.50634816 375.24565956000004 374.99351616
397.18316676 396.60513576 396.03165156 395.46286535999997 394.89892548 394.33997736 393.78616356 393.23762376 392.69449476 392.15691047999996 391.62500195999996 391.09889736 390.57872196 390.06459816 389.55664548 389.05498056 388.55971716 388.07096616 387.58883556 387.11343048 386.64485315999997 386.18320296 385.72857636 385.28106696 384.84076547999996 384.40775976 383.98213475999995 383.56397255999997 383.15335236 382.75035047999995 382.35504036 381.96749256 381.58777476 381.21595176 380.85208547999997 380.49623496 380.14845635999995 379.80880296 379.47732515999996 379.15407048 378.83908356 378.53240616 378.23407715999997 377.94413255999996 377.66260547999997 377.38952615999995 377.12492196 376.86881736 376.62123396
398.52580416 397.95343716 397.38559296 396.82242276 396.26407488 395.71069476 395.16242496 394.61940516000004 394.08177216 393.54965988000004 393.02319936000004 392.50251876000004 391.98774336 391.47899556000004 390.97639488000004 390.48005796 389.99009856000004 389.50662756 389.02975296 388.55957988 388.09621056000003 387.63974436 387.19027776 386.74790436 386.31271488000004 385.88479716000006 385.46423616000004 385.05111396 384.64550976000004 384.24749988 383.85715776000006 383.47455396000004 383.09975616 382.73282916000005 382.37383488 382.02283236000005 381.67987776000007 381.34502436 381.01832256 380.69981988000006 380.38956096000004 380.08758756000003 379.79393856 379.50864996 379.23175488000004 378.96328356000004 378.70326336000005 378.45171876000006 378.20867136000004
399.82983876000003 399.26311176 398.70088356 398.14330536 397.59052548 397.04268936 396.49993956 395.96241576 395.43025476 394.90359048 394.38255396 393.86727336 393.35787396 392.85447816 392.35720548 391.86617256 391.38149316 390.90327816 390.43163556 389.96667048 389.50848515999996 389.05717896 388.61284836 388.17558696000003 387.74548548 387.32263176000004 386.90711076 386.49900456 386.09839236 385.70535048 385.31995236 384.94226856 384.57236676 384.21031175999997 383.85616548 383.50998696 383.17183236000005 382.84175496 382.51980516000003 382.20603048 381.90047556 381.60318215999996 381.31418916 381.03353256 380.76124548 380.49735816 380.24189796 379.99488936 379.75635395999996
401.09579328 400.53468227999997 399.97804608 399.42603588 398.8788 398.33648388 397.79923008 397.26717828 396.74046527999997 396.219225 395.70358848 395.19368388 394.68963648 394.19156868 393.6996 393.21384708 392.73442367999996 392.26144068 391.79500608 391.335225 390.88219968 390.43602948 389.99681088 389.56463748 389.1396 388.72178628 388.31128128 387.90816708 387.51252288 387.124425 386.74394688 386.37115908 386.00612928 385.64892227999997 385.2996 384.95822147999996 384.62484287999996 384.29951747999996 383.98229568 383.673225 383.37235008 383.07971268 382.79535167999995 382.51930308 382.2516 381.99227268 381.74134848 381.49885187999996 381.26480448
402.32418756 401.76866856 401.21760036 400.67113416 400.12941828 399.59259816 399.06081636 398.53421256 398.01292356 397.49708328 396.98682276 396.48227016000004 395.98355076 395.49078696000004 395.00409828 394.52360136 394.04940996 393.58163496 393.12038436 392.66576328 392.21787396 391.77681576 391.34268516 390.91557576 390.49557828 390.08278056 389.67726756 389.27912136 388.88842116 388.50524328 388.12966116 387.76174535999996 387.40156356 387.04918056 386.70465828 386.36805576 386.03942916 385.71883176 385.40631396000003 385.10192328 384.80570436 384.51769895999996 384.23794596 383.96648136 383.70333828 383.44854696 383.20213476000004 382.96412616 382.73454276
403.51553856 402.96558756 402.42006336 401.87911715999996 401.34289728 400.81154916 400.28521536 399.76403556 399.24814656 398.73768228 398.23277376 397.73354916 397.24013376 396.75264996 396.27121728 395.79595236 395.32696896 394.86437796 394.40828736 393.95880228 393.51602496 393.08005476 392.65098816 392.22891876 391.81393728 391.40613156 391.00558656 390.61238435999996 390.22660415999997 389.84832228 389.47761216000004 389.11454436 388.75918656 388.41160356 388.07185728 387.74000675999997 387.41610816 387.10021476 386.79237696 386.49264228 386.20105536 385.91765796 385.64248896000004 385.37558436 385.11697728 384.86669796 384.62477376000004 384.39122915999997 384.16608576
404.67036036 404.12595336000004 403.58594916 403.05049895999997 402.51975108 401.99385096000003 401.47294116 400.95716136 400.44664836 399.94153608 399.44195556 398.94803496 398.45989956 397.97767176 397.50147108 397.03141416 396.56761475999997 396.11018376 395.65922916 395.21485608 394.77716676 394.34626056 393.92223395999997 393.50518056 393.09519108 392.69235335999997 392.29675235999997 391.90847016 391.52758596 391.15417608 390.78831396 390.43007016 390.07951236 389.73670536 389.40171108 389.07458856 388.75539396 388.44418056 388.14099876 387.84589608 387.55891716 387.28010376 387.00949476 386.74712616 386.49303108 386.24723975999996 386.00977955999997 385.78067496 385.55994756
405.78916416 405.25027716 404.71576896 404.18579076000003 403.66049088 403.14001476 402.62450496 402.11410116 401.60894016 401.10915588 400.61487936 400.12623876 399.64335936 399.16636356000004 398.69537088 398.23049796000004 397.77185856 397.31956356 396.87372096 396.43443588 396.00181055999997 395.57594436 395.15693376 394.74487236000004 394.33985088 393.94195716 393.55127616 393.16788995999997 392.79187776 392.42331588 392.06227776000003 391.70883396 391.36305216 391.02499716 390.69473088 390.37231236 390.05779776 389.75124036 389.45269056 389.16219588 388.87980096 388.60554756 388.33947456 388.08161796 387.83201088 387.59068356 387.35766336 387.13297476 386.91663936000003
406.87245828 406.33906728 405.81003108 405.28550088 404.765625 404.25054888 403.74041508 403.23536328 402.73553028 402.24105000000003 401.75205348 401.26866888 400.79102148 400.31923368 399.853425 399.39371208 398.94020868 398.49302568 398.05227107999997 397.61805 397.19046468 396.76961448 396.35559588 395.94850248 395.548425 395.15545128 394.76966627999997 394.39115208 394.01998788 393.65625 393.30001188 392.95134408 392.61031428 392.27698728 391.951425 391.63368648 391.32382788 391.02190248 390.72796068 390.44205 390.16421508 389.89449768 389.63293668 389.37956808 389.13442499999996 388.89753768 388.66893348 388.44863688 388.23666948
407.92074816 407.39282916 406.86924096 406.35013476 405.83565888 405.32595876 404.82117696 404.32145316000003 403.82692416 403.33772388 402.85398336000003 402.37583076 401.90339136 401.43678756 400.97613888 400.52156196 400.07317056 399.63107556 399.19538496 398.76620388 398.34363456 397.92777636 397.51872576 397.11657636 396.72141888 396.33334116000003 395.95242816 395.57876196 395.21242176 394.85348388 394.50202176 394.15810596 393.82180416 393.49318116 393.17229887999997 392.85921636 392.55398976000004 392.25667236 391.96731456 391.68596388 391.41266496 391.14745956 390.89038656 390.64148196 390.40077888 390.16830756 389.94409536 389.72816676 389.52054336
408.93453636 408.41206536 407.89390116 407.38019496 406.87109508 406.36674696 405.86729316 405.37287335999997 404.88362436 404.39968008 403.92117156 403.44822696 402.98097156 402.51952776 402.06401508 401.61455016 401.17124676 400.73421576 400.30356516 399.87940008 399.46182276 399.05093256 398.64682596 398.24959656 397.85933508 397.47612936 397.10006436 396.73122216 396.36968196 396.01552008 395.66880996 395.32962216 394.99802436 394.67408136 394.35785508 394.04940455999997 393.74878596 393.45605256 393.17125476 392.89444008 392.62565316 392.36493576 392.11232676 391.86786216 391.63157508 391.40349576 391.18365156 390.97206696 390.76876356
409.91432256 409.39727556 408.88451136000003 408.37618116 407.87243328 407.37341316000004 406.87926336 406.39012356 405.90613056 405.42741828000004 404.95411776000003 404.48635716 404.02426176 403.56795396 403.11755328 402.67317636 402.23493696 401.80294596 401.37731136 400.95813828 400.54552896 400.13958276 399.74039616 399.34806276 398.96267328 398.58431556 398.21307456 397.84903236 397.49226816 397.14285828000004 396.80087616000003 396.46639236 396.13947456 395.82018756 395.50859328 395.20475076 394.90871616000004 394.62054276 394.34028096000003 394.06797828000003 393.80367936 393.54742596 393.29925696 393.05920836 392.82731328 392.60360196 392.38810176000004 392.18083716 391.98182976
410.86060356 410.34895656000003 409.84156836 409.33859016 408.84017028 408.34645416 407.85758436000003 407.37370056000003 406.89493956 406.42143528 405.95331876 405.49071816000003 405.03375876 404.58256296 404.13725028 403.69793736 403.26473796 402.83776296 402.41712036 402.00291528 401.59524996 401.19422376 400.79993316 400.41247176 400.03193028 399.65839656 399.29195556 398.93268936000004 398.58067716 398.23599528 397.89871716 397.56891336 397.24665156000003 396.93199656 396.62501028 396.32575176 396.03427716 395.75063976 395.47488996000004 395.20707528 394.94724036 394.69542696 394.45167396 394.21601736 393.98849028 393.76912296 393.55794276 393.35497416 393.16023876
411.77387328 411.26760228 410.76556608 410.26791588000003 409.7748 409.28636388 408.80275008 408.32409828000004 407.85054528 407.382225 406.91926848 406.46180388 406.00995648 405.56384868000004 405.1236 404.68932708 404.26114368000003 403.83916068 403.42348608 403.014225 402.61147968 402.21534948 401.82593088 401.44331748 401.06759999999997 400.69886628 400.33720128 399.98268708 399.63540288 399.295425 398.96282688 398.63767908 398.32004928000003 398.01000228 397.7076 397.41290148 397.12596288000003 396.84683748 396.57557568000004 396.312225 396.05683008 395.80943268 395.57007168 395.33878308 395.11560000000003 394.90055268000003 394.69366848000004 394.49497188 394.30448448000004
412.65462276 412.15370376 411.65699556 411.16464936 410.67681348 410.19363336000004 409.71525156 409.24180776000003 408.77343876 408.31027848 407.85245796 407.40010536 406.95334596 406.51230216 406.07709348000003 405.64783656000003 405.22464516 404.80763016000003 404.39689956 403.99255848 403.59470916 403.20345096 402.81888036 402.44109096 402.07017348 401.70621576 401.34930276 400.99951656 400.65693636000003 400.32163848 399.99369636 399.67318056 399.36015876000005 399.05469576 398.75685348 398.46669096 398.18426436000004 397.90962696 397.64282916 397.38391848000003 397.13293956 396.88993416 396.65494116 396.42799656 396.20913348 395.99838216 395.79576996000003 395.60132136000004 395.41505796
413.50334016 413.00774916 412.51634495999997 412.02927876 411.54669888 411.06875076 410.59557695999996 410.12731715999996 409.66410815999996 409.20608388 408.75337536 408.30611076 407.86441535999995 407.42841156 406.99821887999997 406.57395396 406.15573056 405.74365955999997 405.33784896 404.93840388 404.54542656 404.15901636 403.77926976 403.40628036 403.04013888 402.68093316 402.32874816 401.98366596 401.64576575999996 401.31512388 400.99181376 400.67590595999997 400.36746816 400.06656516 399.77325888 399.48760835999997 399.20966976 398.93949635999996 398.67713856 398.42264388 398.17605696 397.93741955999997 397.70677056 397.48414596 397.26957888 397.06309955999996 396.86473536 396.67451076 396.49244735999997
414.32051076 413.83022376 413.34409956 412.86228936 412.38494148 411.91220136000004 411.44421156 410.98111176000003 410.52303876 410.07012648 409.62250596 409.18030536000003 408.74364995999997 408.31266216 407.88746148 407.46816456 407.05488516 406.64773416 406.24681956 405.85224648 405.46411716 405.08253096 404.70758436 404.33937096 403.97798148 403.62350376 403.27602276 402.93562056 402.60237636 402.27636648 401.95766436 401.64634056 401.34246276 401.04609576 400.75730148 400.47613896 400.20266435999997 399.93693096 399.67898916 399.42888648 399.18666756000005 398.95237416 398.72604516 398.50771656 398.29742148 398.09519016 397.90104996 397.71502536 397.53713796
415.10661696 414.62160996 414.14074175999997 413.66416356 413.19202368 412.72446756 412.26163776 411.80367396 411.35071296 410.90288868 410.46033216 410.02317156 409.59153216 409.16553636 408.74530368 408.33095076 407.92259135999996 407.52033636 407.12429376 406.73456868 406.35126335999996 405.97447716 405.60430656 405.24084516 404.88418368 404.53440996 404.19160896 403.85586276 403.52725055999997 403.20584868 402.89173056 402.58496676 402.28562496 401.99376996 401.70946368 401.43276516 401.16373056 400.90241316 400.64886336 400.40312868 400.16525376 399.93528036 399.71324735999997 399.49919076 399.29314367999996 399.09513635999997 398.90519616 398.72334756 398.54961216
415.86213828 415.38238728 414.90675108 414.43538088 413.968425 413.50602888000003 413.04833508 412.59548328 412.14761028 411.70485 411.26733348000005 410.83518888000003 410.40854148 409.98751368 409.572225 409.16279208000003 408.75932868 408.36194568 407.97075108 407.58585 407.20734468 406.83533448000003 406.46991588000003 406.11118248 405.759225 405.41413128 405.07598628 404.74487208 404.42086788 404.10405000000003 403.79449188 403.49226408 403.19743428000004 402.91006728 402.630225 402.35796648 402.09334788 401.83642248 401.58724068000004 401.34585 401.11229508 400.88661768 400.66885668 400.45904808 400.257225 400.06341768 399.87765348 399.69995688 399.53034948
416.58755136 416.11303236 415.64260416 415.17641796 414.71462207999997 414.25736196 413.80478016 413.35701636 412.91420736 412.47648707999997 412.04398656 411.61683396 411.19515456 410.77907075999997 410.36870208 409.96416516 409.56557376 409.17303876 408.78666816 408.40656708 408.03283776 407.66557955999997 407.30488895999997 406.95085956 406.60358207999997 406.26314436 405.92963136 405.60312516 405.28370495999997 404.97144707999996 404.66642496 404.36870916 404.07836736 403.79546436 403.52006208 403.25221955999996 402.99199296 402.73943556 402.49459776 402.25752708 402.02826816 401.80686276 401.59334975999997 401.38776515999996 401.19014208 401.00051076 400.81889856 400.64532995999997 400.47982656
417.28332996 416.81401896 416.34877476 415.88774856 415.43108868 414.97894056 414.53144676 414.08874696000004 413.65097796 413.21827368000004 412.79076516 412.36858056000005 411.95184516 411.54068136 411.13520868 410.73554376 410.34180036 409.95408936 409.57251876 409.19719368 408.82821636 408.46568616 408.10969955999997 407.76035016000003 407.41772868 407.08192296 406.75301796 406.43109576 406.11623556 405.80851368000003 405.50800356 405.21477576 404.92889796 404.65043496 404.37944868 404.11599816 403.86013956 403.61192616 403.37140836000003 403.13863368 402.91364676 402.69648936 402.48720036000003 402.28581576 402.09236868 401.90688936000004 401.72940516 401.55994056 401.39851716
