Himmelblau.txt
ncols	501	
nrows	501	
xllcorner	501	
yllcorner	501	
cellsize	1	
NODATA_value	-9999	
[rows 198 to 219 of 501, columns 357 to 407 of 501]
939.13379396 939.30069056 939.45623876 939.60012608 939.73203716 939.85165376 939.95865476 940.05271616 940.13351108 940.20070976 940.25397956 940.29298496 940.31738756 940.32684608 940.32101636 940.29955136 940.26210116 940.2083129600001 940.13783108 940.05029696 939.94534916 939.82262336 939.68175236 939.52236608 939.34409156 939.14655296 938.92937156 938.69216576 938.43455108 938.15614016 937.85654276 937.53536576 937.19221316 936.82668608 936.43838276 936.02689856 935.59182596 935.13275456 934.64927108 934.14095936 933.60740036 933.04817216 932.46284996 931.85100608 931.21220996 930.54602816 929.85202436 929.12975936 928.37879108 927.59867456 926.7889619599999
938.91252776 939.0780803600001 939.23226056 939.37475588 939.50525096 939.62342756 939.72896456 939.82153796 939.90082088 939.96648356 940.01819336 940.05561476 940.07840936 940.08623588 940.07875016 940.05560516 940.01645096 939.96093476 939.88870088 939.79939076 939.6926429600001 939.56809316 939.42537416 939.26411588 939.08394536 938.88448676 938.66536136 938.42618756 938.16658088 937.88615396 937.58451656 937.2612755600001 936.91603496 936.54839588 936.15795656 935.74431236 935.30705576 934.84577636 934.36006088 933.84949316 933.31365416 932.75212196 932.16447176 931.55027588 930.90910376 930.24052196 929.54409416 928.81938116 928.06594088 927.28332836 926.47109576
938.69274788 938.85693248 939.00972068 939.1508 939.27985508 939.39656768 939.50061668 939.59167808 939.669425 939.73352768 939.78365348 939.81946688 939.84062948 939.8468 939.83763428 939.81278528 939.77190308 939.71463488 939.640625 939.54951488 939.44094308 939.31454528 939.16995428 939.0068 938.82470948 938.62330688 938.40221348 938.16104768 937.899425 937.61695808 937.31325668 936.98792768 936.64057508 936.2708 935.87820068 935.46237248 935.02290788 934.55939648 934.071425 933.55857728 933.02043428 932.45657408 931.86657188 931.25 930.60642788 929.93542208 929.23654628 928.50936128 927.753425 926.96829248 926.15351588
938.47459976 938.63739236 938.78876456 938.92840388 939.05599496 939.17121956 939.27375656 939.36328196 939.43946888 939.50198756 939.55050536 939.58468676 939.60419336 939.60868388 939.59781416 939.57123716 939.52860296 939.46955876 939.39374888 939.30081476 939.19039496 939.06212516 938.91563816 938.75056388 938.56652936 938.36315876 938.14007336 937.89689156 937.63322888 937.34869796 937.04290856 936.71546756 936.36597896 935.99404388 935.59926056 935.18122436 934.73952776 934.27376036 933.78350888 933.26835716 932.72788616 932.16167396 931.56929576 930.95032388 930.30432776 929.63087396 928.92952616 928.19984516 927.44138888 926.65371236 925.83636776
938.25822596 938.41960256 938.56953476 938.70771008 938.83381316 938.94752576 939.04852676 939.13649216 939.21109508 939.27200576 939.31889156 939.35141696 939.36924356 939.3720300800001 939.35943236 939.33110336 939.28669316 939.22584896 939.14821508 939.05343296 938.94114116 938.81097536 938.66256836 938.49555008 938.3095475599999 938.10418496 937.87908356 937.63386176 937.36813508 937.08151616 936.77361476 936.44403776 936.09238916 935.71827008 935.32127876 934.90101056 934.45705796 933.98901056 933.49645508 932.97897536 932.43615236 931.86756416 931.27278596 930.65139008 930.00294596 929.32702016 928.62317636 927.89097536 927.12997508 926.33973056 925.51979396
938.04376616 938.20370276 938.35217096 938.48885828 938.61344936 938.72562596 938.82506696 938.91144836 938.98444328 939.04372196 939.08895176 939.11979716 939.13591976 939.13697828 939.12262856 939.09252356 939.04631336 938.98364516 938.90416328 938.80750916 938.69332136 938.56123556 938.41088456 938.24189828 938.05390376 937.84652516 937.61938376 937.37209796 937.10428328 936.81555236 936.50551496 936.17377796 935.81994536 935.44361828 935.04439496 934.62187076 934.17563816 933.70528676 933.21040328 932.69057156 932.14537256 931.57438436 930.97718216 930.35333828 929.70242216 929.02400036 928.31763656 927.58289156 926.8193232799999 926.02648676 925.20393416
937.83135716 937.98982976 938.13680996 938.27198528 938.39504036 938.50565696 938.60351396 938.68828736 938.75965028 938.81727296 938.86082276 938.88996416 938.90435876 938.90366528 938.88753956 938.85563456 938.80760036 938.74308416 938.66173028 938.56318016 938.44707236 938.31304256 938.16072356 937.98974528 937.79973476 937.59031616 937.36111076 937.11173696 936.84181028 936.55094336 936.23874596 935.90482496 935.54878436 935.17022528 934.76874596 934.34394176 933.89540516 933.42272576 932.92549028 932.40328256 931.85568356 931.28227136 930.68262116 930.05630528 929.40289316 928.72195136 928.01304356 927.27573056 926.5095702799999 925.71411776 924.88892516
937.62113288 937.77811748 937.92358568 938.057225 938.17872008 938.28775268 938.38400168 938.46714308 938.53685 938.59279268 938.63463848 938.66205188 938.67469448 938.672225 938.65429928 938.62057028 938.57068808 938.50429988 938.42105 938.32057988 938.20252808 938.06653028 937.91221928 937.739225 937.54717448 937.33569188 937.10439848 936.85291268 936.58085 936.28782308 935.97344168 935.63731268 935.27904008 934.898225 934.49446568 934.06735748 933.61649288 933.14146148 932.64185 932.11724228 931.56721928 930.99135908 930.38923688 929.7604249999999 929.10449288 928.42100708 927.70953128 926.96962628 926.20085 925.40275748 924.57490088
937.41322436 937.56869696 937.71262916 937.84470848 937.96461956 938.07204416 938.16666116 938.24814656 938.31617348 938.37041216 938.41052996 938.43619136 938.44705796 938.44278848 938.42303876 938.38746176 938.33570756 938.26742336 938.18225348 938.07983936 937.95981956 937.82182976 937.66550276 937.49046848 937.29635396 937.08278336 936.84937796 936.59575616 936.32153348 936.02632256 935.70973316 935.37137216 935.01084356 934.62774848 934.22168516 933.79224896 933.33903236 932.86162496 932.35961348 931.83258176 931.28011076 930.70177856 930.09716036 929.46582848 928.80735236 928.12129856 927.4072307600001 926.66470976 925.89329348 925.09253696 924.26199236
937.20775976 937.36169636 937.50406856 937.63456388 937.75286696 937.85865956 937.95162056 938.03142596 938.09774888 938.15025956 938.18862536 938.21251076 938.22157736 938.21548388 938.19388616 938.15643716 938.10278696 938.03258276 937.94546888 937.84108676 937.71907496 937.57906916 937.42070216 937.24360388 937.04740136 936.83171876 936.59617736 936.34039556 936.06398888 935.76656996 935.44774856 935.10713156 934.74432296 934.35892388 933.95053256 933.51874436 933.06315176 932.58334436 932.07890888 931.54942916 930.99448616 930.41365796 929.80651976 929.17264388 928.51159976 927.82295396 927.10627016 926.36110916 925.5870288799999 924.78358436 923.9503277599999
937.00486436 937.15724096 937.29802916 937.42691648 937.54358756 937.64772416 937.73900516 937.81710656 937.88170148 937.93246016 937.96904996 937.99113536 937.99837796 937.99043648 937.96696676 937.92762176 937.87205156 937.79990336 937.71082148 937.60444736 937.48041956 937.33837376 937.17794276 936.99875648 936.80044196 936.58262336 936.34492196 936.08695616 935.80834148 935.50869056 935.18761316 934.84471616 934.47960356 934.09187648 933.68113316 933.24696896 932.78897636 932.3067449600001 931.79986148 931.26790976 930.71047076 930.12712256 929.51744036 928.88099648 928.21736036 927.52609856 926.80677476 926.05894976 925.28218148 924.47602496 923.64003236
936.80466056 936.95545316 937.09463336 937.22188868 937.33690376 937.43936036 937.52893736 937.60531076 937.66815368 937.71713636 937.75192616 937.77218756 937.77758216 937.76776868 937.74240296 937.70113796 937.64362376 937.56950756 937.47843368 937.37004356 937.24397576 937.09986596 936.93734696 936.75604868 936.55559816 936.33561956 936.09573416 935.83556036 935.55471368 935.25280676 934.92944936 934.58424836 934.21680776 933.82672868 933.41360936 932.97704516 932.51662856 932.03194916 931.52259368 930.98814596 930.42818696 929.84229476 929.23004456 928.59100868 927.92475656 927.23085476 926.50886696 925.75835396 924.97887368 924.16998116 923.33122856
936.60726788 936.75645248 936.89400068 937.0196 937.13293508 937.23368768 937.32153668 937.39615808 937.457225 937.50440768 937.53737348 937.55578688 937.55930948 937.5476 937.52031428 937.47710528 937.41762308 937.34151488 937.248425 937.13799488 937.00986308 936.86366528 936.69903428 936.5156 936.3129894799999 936.09082688 935.84873348 935.58632768 935.303225 934.99903808 934.67337668 934.32584768 933.95605508 933.5636 933.14808068 932.70909248 932.24622788 931.75907648 931.247225 930.71025728 930.14775428 929.55929408 928.94445188 928.3028 927.63390788 926.93734208 926.21266628 925.45944128 924.677225 923.86557248 923.02403588
936.41280296 936.56035556 936.69624776 936.82016708 936.93179816 937.03082276 937.11691976 937.18976516 937.24903208 937.29439076 937.32550856 937.34204996 937.34367656 937.33004708 937.30081736 937.25564036 937.19416616 937.11604196 937.02091208 936.90841796 936.77819816 936.62988836 936.46312136 936.27752708 936.07273256 935.84836196 935.60403656 935.3393747599999 935.05399208 934.74750116 934.41951176 934.06963076 933.69746216 933.30260708 932.88466376 932.44322756 931.97789096 931.48824356 930.97387208 930.43436036 929.86928936 929.27823716 928.66077896 928.01648708 927.3449309599999 926.64567716 925.91828936 925.16232836 924.37735208 923.56291556 922.71857096
936.22137956 936.36727616 936.50148836 936.62370368 936.73360676 936.83087936 936.91520036 936.98624576 937.04368868 937.08719936 937.11644516 937.13109056 937.13079716 937.11522368 937.08402596 937.03685696 936.97336676 936.89320256 936.79600868 936.68142656 936.54909476 936.39864896 936.22972196 936.04194368 935.83494116 935.60833856 935.36175716 935.09481536 934.80712868 934.49830976 934.16796836 933.81571136 933.44114276 933.04386368 932.62347236 932.17956416 931.71173156 931.21956416 930.70264868 930.16056896 929.59290596 928.99923776 928.37913956 927.73218368 927.05793956 926.35597376 925.62584996 924.86712896 924.07936868 923.26212416 922.41494756
936.03310856 936.17732516 936.30983336 936.43032068 936.53847176 936.63396836 936.71648936 936.78571076 936.84130568 936.88294436 936.91029416 936.9230195600001 936.92078216 936.90324068 936.87005096 936.82086596 936.75533576 936.67310756 936.57382568 936.45713156 936.32266376 936.17005796 935.99894696 935.80896068 935.59972616 935.37086756 935.12200616 934.85276036 934.56274568 934.25157476 933.91885736 933.56420036 933.18720776 932.78748068 932.36461736 931.91821316 931.44786056 930.95314916 930.43366568 929.88899396 929.31871496 928.72240676 928.09964456 927.45000068 926.77304456 926.06834276 925.33545896 924.57395396 923.78338568 922.96330916 922.11327656
935.84809796 935.99061056 936.12139076 936.24012608 936.34650116 936.44019776 936.52089476 936.58826816 936.64199108 936.68173376 936.70716356 936.71794496 936.71373956 936.69420608 936.65900036 936.60777536 936.54018116 936.45586496 936.35447108 936.23564096 936.09901316 935.94422336 935.77090436 935.57868608 935.36719556 935.13605696 934.88489156 934.61331776 934.32095108 934.00740416 933.67228676 933.31520576 932.93576516 932.53356608 932.10820676 931.65928256 931.18638596 930.68910656 930.16703108 929.61974336 929.04682436 928.44785216 927.82240196 927.17004608 926.49035396 925.78289216 925.04722436 924.28291136 923.4895110799999 922.66657856 921.81366596
935.66645288 935.80723748 935.93626568 936.053225 936.15780008 936.24967268 936.32852168 936.39402308 936.44585 936.48367268 936.50715848 936.51597188 936.50977448 936.4882249999999 936.45097928 936.39769028 936.32800808 936.24157988 936.13805 936.01705988 935.87824808 935.72125028 935.54569928 935.351225 935.13745448 934.90401188 934.65051848 934.37659268 934.08185 933.76590308 933.42836168 933.06883268 932.68692008 932.282225 931.85434568 931.40287748 930.92741288 930.42754148 929.90285 929.35292228 928.77733928 928.17567908 927.54751688 926.892425 926.20997288 925.49972708 924.76125128 923.99410628 923.19785 922.37203748 921.51622088
935.48827556 935.62730816 935.75456036 935.86971968 935.97247076 936.06249536 936.13947236 936.20307776 936.25298468 936.28886336 936.31038116 936.31720256 936.30898916 936.28539968 936.24608996 936.19071296 936.11891876 936.03035456 935.92466468 935.80149056 935.66047076 935.50124096 935.32343396 935.12667968 934.91060516 934.67483456 934.41898916 934.14268736 933.84554468 933.52717376 933.18718436 932.82518336 932.44077476 932.03355968 931.60313636 931.14910016 930.67104356 930.16855616 929.64122468 929.08863296 928.51036196 927.90598976 927.27509156 926.61723968 925.93200356 925.21894976 924.47764196 923.70764096 922.90850468 922.07978816 921.22104356
935.31366536 935.45092196 935.57637416 935.68970948 935.79061256 935.8787651600001 935.95384616 936.01553156 936.06349448 936.09740516 936.11693096 936.12173636 936.11148296 936.08582948 936.04443176 935.98694276 935.91301256 935.82228836 935.71441448 935.58903236 935.44578056 935.28429476 935.10420776 934.90514948 934.68674696 934.44862436 934.19040296 933.91170116 933.61213448 933.29131556 932.94885416 932.58435716 932.19742856 931.78766948 931.35467816 930.89804996 930.41737736 929.91224996 929.38225448 928.82697476 928.24599176 927.63888356 927.00522536 926.34458948 925.65654536 924.94065956 924.1964957600001 923.42361476 922.6215744799999 921.78992996 920.92823336
935.14271876 935.27817536 935.40180356 935.51329088 935.61232196 935.69857856 935.77173956 935.83148096 935.87747588 935.90939456 935.92690436 935.92966976 935.91735236 935.88961088 935.84610116 935.78647616 935.71038596 935.61747776 935.50739588 935.37978176 935.23427396 935.07050816 934.88811716 934.68673088 934.46597636 934.22547776 933.96485636 933.68373056 933.38171588 933.05842496 932.71346756 932.34645056 931.95697796 931.54465088 931.10906756 930.64982336 930.16651076 929.65871936 929.12603588 928.56804416 927.98432516 927.37445696 926.73801476 926.07457088 925.38369476 924.66495296 923.91790916 923.14212416 922.33715588 921.50255936 920.63788676
934.97552936 935.10916196 935.23094216 935.34055748 935.43769256 935.52202916 935.59324616 935.65101956 935.69502248 935.72492516 935.74039496 935.74109636 935.72669096 935.69683748 935.65119176 935.58940676 935.51113256 935.41601636 935.30370248 935.17383236 935.02604456 934.85997476 934.67525576 934.47151748 934.24838696 934.00548836 933.74244296 933.45886916 933.15438248 932.8285955599999 932.48111816 932.11155716 931.71951656 931.30459748 930.86639816 930.40451396 929.91853736 929.40805796 928.87266248 928.31193476 927.72545576 927.11280356 926.47355336 925.80727748 925.11354536 924.39192356 923.64197576 922.86326276 922.05534248 921.2177699599999 920.35009736
