Himmelblau.txt
ncols	501	
nrows	501	
xllcorner	10001	
yllcorner	10001	
cellsize	1	
NODATA_value	-9999	
[rows 220 to 241 of 501, columns 441 to 489 of 501]
369.14965667999996 366.92010048 364.64237988 362.3159404799999 359.94022499999994 357.51467328 355.03872228000006 352.51180607999993 349.9333558799999 347.3028 344.61956388000004 341.8830700800001 339.09273827999994 336.24798528 333.34822499999996 330.39286848000006 327.38132387999985 324.3129964799999 321.18728868000005 318.0036000000002 314.7613270799999 311.45986368 308.0986006800001 304.67692608000004 301.19422499999985 297.6498796799999 294.04326948000005 290.37377088000005 286.6407574799998 282.8435999999999 278.98166628 275.05432128000007 271.06092707999983 267.0008428799999 262.873425 258.67802688000006 254.4139990800001 250.08068927999994 245.67744227999992 241.2036000000001 236.6585014800002 232.04148287999982 227.35187747999993 222.58901568 217.75222500000012 212.84083007999993 207.8541526799999 202.79151167999999 197.65222308000008
368.74933896 366.51589476000004 364.23426216000007 361.90388675999986 359.52421128 357.09467556000004 354.61471656000003 352.0837683599999 349.50126215999995 346.86662628 344.17928616000006 341.43866436000013 338.64418056 335.79525156 332.8912912800001 329.9317107600002 326.91591815999993 323.84331876 320.7133149600001 317.5253062800001 314.2786893599998 310.97285795999994 307.60720296 304.18111236000016 300.6939712799999 297.14516196 293.53406376 289.8600531600001 286.12250375999986 282.32078628 278.45426855999995 274.52231556000015 270.5242893599999 266.45954916 262.32745128 258.12734916000016 253.8585933600002 249.52053155999985 245.11250855999998 240.63386628 236.08394376000015 231.4620771599999 226.7675997599999 221.99984196000014 217.15813128000028 212.2417923599998 207.25014696000005 202.18251396000008 197.03820936000022
368.35102595999996 366.11366976 363.82810116 361.4937657599999 359.11010627999997 356.67656256 354.19257156000003 351.65756735999986 349.0709811599999 346.43224127999997 343.74077316000006 340.9959993600001 338.19733955999993 335.34421055999996 332.43602627999996 329.4721977600001 326.4521331599999 323.3752377599999 320.24091396000006 317.0485612800001 313.7975763599999 310.48735295999995 307.11728196 303.68675136000013 300.19514627999985 296.64184895999995 293.02623875999996 289.34769216000007 285.60558275999983 281.7992812799999 277.92815555999994 273.99157056000007 269.9888883599998 265.9194681599999 261.78266627999994 257.57783616000006 253.30432836000017 248.96149055999985 244.5486675599999 240.06520128000005 235.51043076000016 230.88369215999978 226.18431875999988 221.41164096000006 216.56498628000014 211.64367935999985 206.64704195999994 201.57439296 196.42504836000015
367.95479975999996 365.71350756 363.42397896000006 361.08565955999995 358.69799207999995 356.26041636 353.7723693600001 351.23328515999987 348.64259495999994 345.99972708 343.30410696000007 340.55515716000014 337.75229735999994 334.89494435999995 331.98251208 329.0144115600001 325.9900509599999 322.90883555999994 319.77016776000005 316.5734470800001 313.3180701599999 310.0034307599999 306.62891976000003 303.1939251600001 299.69783207999984 296.14002275999997 292.51987656 288.8367699600001 285.09007655999983 281.2791670799999 277.40340935999996 273.4621683600001 269.4548061599998 265.38068195999995 261.23915207999994 257.0295699600001 252.75128616000018 248.40364835999986 243.98600136 239.49768708000008 234.93804456000012 230.30640995999983 225.6021165599999 220.82449476000005 215.97287208000017 211.04657315999987 206.04491975999997 200.96723076 195.8128221600001
367.56073956 365.31548736 363.02197476000003 360.6796473599999 358.28794787999993 355.84631616 353.35418916000003 350.8110009599999 348.2161827599999 345.56916288 342.86936676000005 340.1162169600001 337.30913315999993 334.44753216000004 331.53082788 328.5584313600001 325.5297507599999 322.44419136 319.30115556000004 316.1000428800001 312.8402499599998 309.52117056 306.14219556000006 302.7027129600001 299.20210787999986 295.63976255999995 292.01505636 288.3273657600001 284.5760643599998 280.76052287999994 276.88010915999996 272.9341881600001 268.9221219599998 264.8432697599999 260.69698788 256.4826297600001 252.19954596000014 247.8470841599999 243.42458915999998 238.93140288000006 234.3668643600002 229.73030975999984 225.02107235999995 220.23848256000008 215.38186788000013 210.4505529599999 205.44385955999996 200.36110656 195.20160996000016
367.16892168 364.91968548 362.62216488000007 360.2758054799999 357.88005 355.43433828 352.93810728000005 350.3907910799999 347.79182087999993 345.140625 342.43662888000006 339.67925508000013 336.86792327999996 334.00205028000005 331.08105 328.10433348000015 325.07130887999995 321.98138148 318.83395368000004 315.6284250000001 312.3641920799999 309.04064867999995 305.6571856800001 302.2131910800001 298.7080499999999 295.14114467999997 291.51185448 287.8195558800001 284.0636224799998 280.2434249999999 276.35833128 272.40770628000007 268.3909120799998 264.30730787999994 260.15625 255.93709188000014 251.64918408000023 247.2918742799999 242.86450727999994 238.36642500000005 233.79696648000015 229.1554678799999 224.44126247999992 219.6536806800001 214.7920500000002 209.85569507999986 204.84393767999995 199.75609668000004 194.59148808000015
366.77941956 364.52617536 362.2246227600001 359.8742073599999 357.47437188 355.02455616000003 352.5241971600001 349.9727289599999 347.36958275999996 344.71418688 342.0059667600001 339.24434496000015 336.42874115999996 333.55857216 330.63325188000005 327.6521913600002 324.61479875999987 321.52047935999997 318.3686355600001 315.15866688000017 311.8899699599999 308.56193855999993 305.17396356000006 301.72543296000015 298.2157318799999 294.64424255999995 291.01034436000003 287.3134137600001 283.5528243599998 279.72794687999993 275.83814916 271.8827961600001 267.86124995999984 263.77286975999994 259.61701188 255.3930297600001 251.1002739600002 246.7380921599999 242.30582916 237.8028268800001 233.2284243600002 228.58195775999988 223.86276035999998 219.07016256000009 214.20349188000023 209.26207295999987 204.24522756000002 199.15227456000008 193.9825299600002
366.39230376 364.13502756 361.8294189600001 359.47492355999987 357.07098407999996 354.61704036000003 352.11252936000005 349.55688515999987 346.9495389599999 344.28991908 341.5774509600001 338.8115571600001 335.99165736 333.11716836000005 330.18750408000005 327.20207556000014 324.16029095999994 321.06155556 317.9052717600001 314.69083908000016 311.41765415999987 308.08511075999996 304.6925997600001 301.2395091600001 297.7252240799999 294.14912675999994 290.51059656000007 286.80900996000014 283.04374055999983 279.21415907999994 275.31963336 271.3595283600001 267.33320615999986 263.24002595999997 259.07934408 254.85051396000017 250.55288616000018 246.18580835999987 241.74862536 237.24067908000006 232.66130856000024 228.00984995999985 223.28563656 218.48799876000012 213.61626408000024 208.6697571599999 203.64779976 198.54971076000004 193.37480616000016
366.00764196 363.74630976000003 361.4366211600001 359.0780217599999 356.66995427999996 354.21185856000005 351.70317156000004 349.14332735999994 346.5317571599999 343.86788928000004 341.1511491600001 338.38095936000013 335.55673956 332.67790656000005 329.74387428000006 326.75405376000015 323.7078531599999 320.60467775999996 317.4439299600001 314.22500928000017 310.9473123599999 307.61023295999996 304.2131619600001 300.7554873600002 297.2365942799999 293.65586496 290.01267876000003 286.30641216000015 282.5364387599999 278.70212927999995 274.80285156 270.83797056000014 266.80684835999983 262.70884415999996 258.54331428 254.30961216000014 250.00708836000024 245.6350905599999 241.19296356 236.6800492800001 232.09568676000023 227.43921215999987 222.70995875999995 217.9072569600001 213.03043428000024 208.0788153599999 203.05172196 197.94847296000006 192.76838436000014
365.62549895999996 363.36008676 361.04629416000006 358.6835667599999 356.27134728 353.80907556 351.2961885600001 348.7321203599999 346.1163021599999 343.44816228 340.72712616000007 337.9526163600001 335.12405256 332.24085156 329.30242727999996 326.3081907600001 323.2575501599999 320.1499107599999 316.98467496 313.76124228000015 310.47900935999996 307.13736996 303.7357149600001 300.27343236000013 296.74990727999983 293.16452195999995 289.51665576000005 285.80568516000005 282.0309837599998 278.19192227999986 274.28786856 270.31818756000007 266.28224135999983 262.1793891599999 258.00898728000004 253.77038916000006 249.46294536000016 245.08600355999994 240.63890855999992 236.12100228000014 231.53162376000023 226.8701091599998 222.13579176 217.32800196000005 212.4460672800002 207.48931235999993 202.45705895999993 197.34862595999996 192.1633293600001
365.24593668 362.97642048 360.6584998800001 358.2916204799999 355.875225 353.40875328000004 350.89164228000004 348.3233260799999 345.70323587999997 343.0308 340.3054438800001 337.5265900800001 334.6936582799999 331.80606528 328.86322500000006 325.86454848000017 322.80944387999995 319.69731648000004 316.52756868000006 313.29960000000005 310.0128070799999 306.6665836799999 303.26032068000006 299.7934060800002 296.26522499999993 292.67515968 289.02258947999997 285.3068908800002 281.5274374799999 277.68359999999996 273.77474627999993 269.80024128000014 265.75944707999986 261.65172287999997 257.47642499999995 253.23290688000014 248.92051908000022 244.53860927999983 240.08652228000003 235.5636 230.96918148000015 226.3026028799999 221.56319747999993 216.75029568000016 211.86322500000023 206.90131007999986 201.86387268000004 196.7502316800001 191.5597030800002
364.86901415999995 362.59536995999997 360.27329736 357.9022419599999 355.48164648 353.01095076 350.48959176000005 347.9170035599999 345.29261735999995 342.61586148 339.8861613600001 337.1029395600001 334.26561575999995 331.37360676 328.42632648 325.4231859600001 322.36359335999987 319.2469539599999 316.07267016000003 312.8401414800001 309.5487645599999 306.19793315999993 302.78703816000007 299.3154675600001 295.78260647999986 292.18783715999996 288.53053896 284.8100883600001 281.0258589599998 277.1772214799999 273.26354375999995 269.28419076000006 265.2385245599998 261.12590435999994 256.94568648 252.6972243600001 248.37986856000015 243.99296675999986 239.53586375999993 235.00790148000004 230.40841896000012 225.73675235999985 220.9922349599999 216.1741971600001 211.28196648000016 206.31486755999987 201.27222215999996 196.15334915999998 190.95756456000015
364.49478755999996 362.21699136 359.8907427600001 357.51548735999995 355.09066787999996 352.61572416 350.09009316000004 347.5132089599999 344.8845027599999 342.20340288 339.46933476000004 336.6817209600001 333.8399811599999 330.94353216 327.99178788 324.98415936000015 321.9200547599999 318.79887935999994 315.62003556 312.38292288000014 309.0869379599999 305.7314745599999 302.31592356000004 298.83967296000014 295.3021078799999 291.7026105599999 288.04056036 284.3153337600001 280.5263043599998 276.6728428799999 272.75431715999997 268.7700921600001 264.7195299599998 260.6019897599999 256.41682787999997 252.16339776000007 247.84104996000013 243.44913215999986 238.98698915999995 234.45396288000006 229.84939236000014 225.17261375999982 220.42296035999996 215.59976256000007 210.70234788000022 205.73004095999985 200.68216356 195.55803456 190.35696996000013
364.12331015999996 361.84133796000003 359.5108893600001 357.1314099599999 354.70234247999997 352.22312676 349.6931997600001 347.11199555999985 344.4789453599999 341.79347748 339.0550173600001 336.26298756000017 333.4168077599999 330.51589476000004 327.55966248000004 324.54752196000015 321.4788813599999 318.35314595999995 315.16971816000006 311.92799748000016 308.6273805599999 305.26726116 301.84703016000003 298.3660755600001 294.82378247999986 291.21953315999997 287.55270696 283.8226803600001 280.02882695999983 276.17051747999994 272.24711976000003 268.2579987600001 264.2025165599998 260.0800323599999 255.88990248 251.63148036000007 247.30411656000015 242.9071587599999 238.43995175999999 233.9018374800001 229.2921549600002 224.61024035999986 219.85542696 215.02704516000009 210.12442248000013 205.14688355999988 200.09375015999996 194.96434116 189.75797256000016
363.75463235999996 361.46846016 359.1337875600001 356.7500601599999 354.31672068 351.83320896000004 349.29896196000004 346.71341375999987 344.0759955599999 341.38613568 338.6432595600001 335.8467897600001 332.99614596 330.09074496000005 327.13000068 324.11332416000016 321.0401235599999 317.90980415999996 314.72176836000006 311.47541568000014 308.17014275999986 304.80534335999994 301.38040836000005 297.89472576000014 294.3476806799999 290.73865535999994 287.06702916000006 283.3321785600001 279.53347715999985 275.67029568 271.74200196 267.7479609600001 263.68753475999983 259.56008255999996 255.36496068 251.10152256000015 246.7691187600002 242.36709695999988 237.89480195999994 233.35157568000008 228.73675716000014 224.0496825599999 219.28968515999995 214.45609536000012 209.54824068000022 204.56544575999988 199.50703236 194.37231936000003 189.16062276000014
363.38880168 361.09840548 358.75948488000006 356.3714854799999 353.93384999999995 351.44601828000003 348.90742728000004 346.3175110799999 343.6757008799999 340.981425 338.23410888000006 335.4331750800001 332.57804328 329.66813028 326.70285 323.6816134800001 320.6038288799999 317.46890148 314.2762336800001 311.02522500000015 307.71527207999986 304.34576868 300.9161056800001 297.42567108000014 293.8738499999999 290.26002468 286.58357448000004 282.84387588000016 279.04030247999987 275.17222499999997 271.23901128 267.2400262800001 263.17463207999987 259.04218788 254.84205 250.57357188000012 246.2361040800002 241.8289942799999 237.35158727999996 232.8032250000001 228.1832464800002 223.4909878799999 218.72578247999996 213.88696068000013 208.9738500000002 203.98577507999985 198.92205768 193.78201668000003 188.5649680800002
363.02586276 360.73121856 358.38802596000005 355.99573055999986 353.5537750799999 351.06159936000006 348.51864036000006 345.92433215999995 343.27810595999995 340.57939008000005 337.82760996000013 335.02218816000016 332.16254435999997 329.24809536000004 326.27825508 323.25243456000015 320.17004195999993 317.03048256 313.83315876000006 310.5774700800001 307.2628131599999 303.88858175999997 300.4541667600001 296.9589561600002 293.4023350799999 289.78368576 286.10238756 282.35781696000015 278.5493475599999 274.67635007999996 270.73819236 266.7342393600001 262.66385315999986 258.52639295999995 254.32121508000003 250.04767296000014 245.7051171600002 241.2928953599999 236.81035236 232.2568300800001 227.63166756000018 222.93420095999988 218.16376355999995 213.31968576000014 208.40129508000018 203.40791615999993 198.33887076000002 193.19347776000006 187.97105316000017
362.66585735999996 360.36694116 358.01945256000005 355.6228371599999 353.17653767999997 350.67999396 348.13264296000006 345.5339187599999 342.8832525599999 340.18007267999997 337.4238045600001 334.61387076000017 331.7496909599999 328.83068196 325.85625768 322.8258291600002 319.73880455999995 316.59458916 313.3925853600001 310.1321926800001 306.8128077599998 303.4338243599999 299.99463336 296.4946227600002 292.9331776799999 289.30968036 285.62351015999997 281.87404356000013 278.06065415999984 274.18271267999995 270.23958695999994 266.2306419600001 262.15523975999986 258.01273956 253.80249767999996 249.52386756000016 245.1761997600002 240.75884195999984 236.27113896 231.71243268000006 227.08206216000013 222.3793635599999 217.60367015999987 212.75431236000014 207.83061768000027 202.8319107599998 197.75751336000002 192.60674436000005 187.3789197600002
362.30882436 360.00561216 357.65380356000003 355.2528441599999 352.80217667999995 350.30124096000003 347.74947396000005 345.1463097599999 342.4911795599999 339.78351168 337.02273156000007 334.2082617600001 331.33952195999996 328.41592896000003 325.43689667999996 322.40183616000013 319.3101555599999 316.1612601599999 312.95455236000004 309.68943168000015 306.36529475999987 302.98153535999995 299.5375443600001 296.0327097600001 292.46641667999984 288.8380473599999 285.14698116000005 281.3925945600001 277.5742611599998 273.6913516799999 269.74323396000005 265.72927296000006 261.6488307599998 257.5012665599999 253.28593668000008 249.00219456000008 244.64939076000013 240.22687295999992 235.73398595999993 231.1700716800001 226.5344691600002 221.8265145599998 217.04554116 212.19087936000005 207.26185668000016 202.2577977599999 197.17802435999994 192.02185535999996 186.7886067600001
361.95479975999996 359.64726756 357.2911149600001 354.8857875599999 352.43072808 349.92537636 347.36916936000006 344.76154115999987 342.1019229599999 339.38974308 336.62442696000005 333.8053971600001 330.9320733599999 328.00387235999995 325.02020808 321.98049156000013 318.8841309599999 315.7305315599999 312.51909576 309.2492230800001 305.9203101599999 302.5317507599999 299.08293576000005 295.57325316000015 292.0020880799999 288.36882275999994 284.67283655999995 280.91350596000007 277.09020455999985 273.2023030799999 269.24916935999994 265.23016836000005 261.1446621599998 256.9920099599999 252.77156807999995 248.48268996000007 244.1247261600002 239.69702435999983 235.19892935999994 230.62978308000004 225.9889245600001 221.2756899599998 216.4894125599999 211.62942276000007 206.69504808000016 201.6856131599998 196.60043975999992 191.43884676000005 186.20015016000013
361.60381667999997 359.29194048 356.93141988 354.52170047999994 352.062225 349.55243328 346.9917622800001 344.3796460799999 341.71551587999994 338.9988 336.2289238800001 333.4053100800001 330.52737827999994 327.59454528 324.606225 321.56182848000014 318.4607638799999 315.30243648 312.08624868000004 308.8116000000001 305.47788707999985 302.0845036799999 298.63084068000006 295.1162860800001 291.54022499999985 287.90203968 284.20110948 280.4368108800001 276.6085174799998 272.7155999999999 268.75742627999995 264.73336128000005 260.64276707999977 256.4850028799999 252.25942499999996 247.9653868800001 243.60223908000017 239.16932927999989 234.66600227999996 230.09160000000008 225.44546148000018 220.72692287999985 215.9353174799999 211.06997568000008 206.13022500000017 201.11539007999986 196.02479267999996 190.85775168000004 185.61358308000013
361.25590536 358.93966116 356.5747485600001 354.1606131599999 351.69669767999994 349.18244196 346.61728296000007 344.00065475999986 341.3319885599999 338.61071268 335.83625256000005 333.0080307600001 330.1254669599999 327.18797796 324.19497768 321.14587716000017 318.0400845599999 314.87700515999995 311.6560413600001 308.37659268000016 305.03805575999985 301.6398243599999 298.18128936000005 294.66183876000014 291.0808576799999 287.43772835999994 283.73183016 279.9625395600001 276.12923015999985 272.23127267999996 268.26803496 264.23888196000007 260.14317575999985 255.9802755599999 251.74953767999995 247.4503155600001 243.08195976000016 238.64381795999986 234.13523495999993 229.55555268000006 224.9041101600002 220.18024355999984 215.38328615999995 210.5125683600001 205.56741768000018 200.54715875999983 195.45111335999997 190.27860036000004 185.02893576000014
