Himmelblau.txt
ncols	501	
nrows	501	
xllcorner	501	
yllcorner	501	
cellsize	1	
NODATA_value	-9999	
[rows 66 to 87 of 501, columns 0 to 50 of 501]
723.22895168 728.3381075599999 733.3665977599999 738.3151379599999 743.1844409600001 747.9752166799999 752.68817216 757.3240115599999 761.88343616 766.3671443599999 770.77583168 775.1101907599999 779.37091136 783.5586803599999 787.67418176 791.7180966799999 795.69110336 799.5938771599999 803.42709056 807.19141316 810.88751168 814.5160499599999 818.07768896 821.57308676 825.0028985600001 828.36777668 831.66837056 834.90532676 838.07928896 841.19089796 844.2407916799999 847.22960516 850.15797056 853.02651716 855.8358713599999 858.58665668 861.27949376 863.91500036 866.4937913599999 869.01647876 871.48367168 873.8959763600001 876.2539961599999 878.55833156 880.80958016 883.00833668 885.15519296 887.25073796 889.29555776 891.29023556 893.23535168
723.03252548 728.1520733599999 733.19093156 738.1498157599999 743.0294387600001 747.8305104799999 752.55373796 757.19982536 761.76947396 766.26338216 770.68224548 775.02675656 779.2976051600001 783.49547816 787.62105956 791.6750304799999 795.6580691600001 799.5708509599999 803.41404836 807.18833096 810.89436548 814.53281576 818.10434276 821.60960456 825.0492563600001 828.42395048 831.7343363599999 834.9810605600001 838.1647667599999 841.28609576 844.3456854799999 847.34417096 850.28218436 853.16035496 855.97930916 858.73967048 861.44205956 864.08709416 866.67538916 869.2075565600001 871.68420548 874.10594216 876.47336996 878.78708936 881.04769796 883.25579048 885.4119587600001 887.51679176 889.57087556 891.5747933600001 893.52912548
722.8016748800001 727.93159076 732.9807929599999 737.94999716 742.83991616 747.6512598799999 752.38473536 757.04104676 761.6208953600001 766.1249795599999 770.55399488 774.90863396 779.1895865600001 783.39753956 787.53317696 791.5971798799999 795.59022656 799.51299236 803.3661497600001 807.15036836 810.8663148800001 814.51465316 818.09604416 821.61114596 825.0606137600001 828.44509988 831.76525376 835.02172196 838.21514816 841.34617316 844.41543488 847.42356836 850.37120576 853.25897636 856.08750656 858.8574198800001 861.56933696 864.22387556 866.82165056 869.36327396 871.84935488 874.2804995600001 876.65731136 878.9803907600001 881.25033536 883.46773988 885.63319616 887.74729316 889.8106169600001 891.82375076 893.78727488
722.53692548 727.67718536 732.73670756 737.71620776 742.61639876 747.4379904799998 752.1816899600001 756.84820136 761.4382259600001 765.95246216 770.3916054800001 774.75634856 779.04738116 783.26539016 787.41105956 791.4850704799999 795.48810116 799.42082696 803.2839203600001 807.07805096 810.8038854800001 814.46208776 818.0533187600001 821.57823656 825.0374963600001 828.43175048 831.76164836 835.02783656 838.23095876 841.3716557600001 844.45056548 847.46832296 850.42556036 853.32290696 856.16098916 858.94043048 861.6618515600001 864.32587016 866.93310116 869.48415656 871.97964548 874.4201741600001 876.80634596 879.13876136 881.41801796 883.6447104800001 885.81943076 887.94276776 890.01530756 892.0376333600001 894.01032548
722.2388000000001 727.38937988 732.4591980800001 737.4489702799999 742.3594092800001 747.1912249999999 751.94512448 756.62181188 761.22198848 765.74635268 770.1956 774.57042308 778.8715116800001 783.09955268 787.25523008 791.3392249999999 795.3522156800001 799.29487748 803.1678828800001 806.97190148 810.7076000000001 814.37564228 817.9766892800001 821.51139908 824.9804268800001 828.3844250000001 831.72404288 834.99992708 838.21272128 841.36306628 844.4515999999999 847.47895748 850.4457708799999 853.35266948 856.20027968 858.989225 861.72012608 864.3936006800001 867.01026368 869.57072708 872.0756 874.5254886800001 876.92099648 879.2627238800001 881.55126848 883.787225 885.97118528 888.10373828 890.18547008 892.2169638800001 894.1988
721.9078182799999 727.06869416 732.14878436 737.1488045599999 742.0694675600001 746.9114832799999 751.67555876 756.36239816 760.9727027600001 765.5071709599999 769.96649828 774.35137736 778.6624979600001 782.90054696 787.06620836 791.1601632799999 795.1830899600002 799.1356637599999 803.0185571600001 806.8324397599999 810.57797828 814.25583656 817.86667556 821.4111533600001 824.8899251600001 828.30364328 831.6529571599999 834.93851336 838.1609555599999 841.32092456 844.41905828 847.45599176 850.4323571599999 853.3487837600001 856.2058979599999 859.00432328 861.74468036 864.4275869600001 867.05365796 869.6235053600001 872.13773828 874.59696296 877.00178276 879.35279816 881.6506067600001 883.89580328 886.08897956 888.2307245600001 890.32162436 892.3622621600001 894.35321828
721.54449728 726.7156451599999 731.8059833599999 736.8162275599998 741.7470905600001 746.5992822799999 751.3735097599999 756.0704771599999 760.6908857599999 765.2354339599999 769.70481728 774.09972836 778.42085696 782.6688899599999 786.8445113600001 790.9484022799999 794.98124096 798.94370276 802.83646016 806.66018276 810.4155372800001 814.1031875599999 817.72379456 821.27801636 824.7665081600001 828.18992228 831.5489081599999 834.8441123599999 838.0761785599999 841.24574756 844.3534572799999 847.39994276 850.3858361599999 853.3117667600001 856.17836096 858.98624228 861.73603136 864.4283459600001 867.06380096 869.6430083600001 872.16657728 874.63511396 877.0492217599999 879.40950116 881.71654976 883.97096228 886.17333056 888.32424356 890.42428736 892.4740451600001 894.47409728
721.14935108 726.3307469599999 731.43130916 736.4517533599999 741.39279236 746.2551360799998 751.03949156 755.7465629599999 760.3770515599999 764.9316557599999 769.41107108 773.81599016 778.14710276 782.40509576 786.59065316 790.7044560799999 794.74718276 798.7195085599999 802.62210596 806.45564456 810.22079108 813.91820936 817.54856036 821.1125021600001 824.6106899600001 828.04377608 831.4124099599999 834.71723816 837.9589043599999 841.13804936 844.25531108 847.31132456 850.30672196 853.24213256 856.11818276 858.93549608 861.6946931599999 864.39639176 867.0412067599999 869.62975016 872.16263108 874.64045576 877.0638275599999 879.43334696 881.74961156 884.01321608 886.22475236 888.3848093600001 890.49397316 892.5528269600001 894.56195108
720.72289088 725.9145107599999 731.0252729599999 736.0558931599999 741.00708416 745.8795558799999 750.67401536 755.39116676 760.03171136 764.5963475599999 769.08577088 773.50067396 777.84174656 782.1096755599999 786.30514496 790.42883588 794.48142656 798.4635923599999 802.37600576 806.2193363599999 809.9942508800001 813.7014131599999 817.34148416 820.91512196 824.4229817600001 827.8657158799999 831.2439737599999 834.55840196 837.80964416 840.99834116 844.1251308799999 847.19064836 850.1955257599999 853.1403923600001 856.0258745599999 858.8525958800001 861.62117696 864.3322355600001 866.9863865599999 869.58424196 872.12641088 874.61349956 877.0461113599999 879.42484676 881.75030336 884.02307588 886.24375616 888.4129331600001 890.53119296 892.59911876 894.61729088
720.265625 725.4674448799999 730.58838308 735.6291552799998 740.5904742800001 745.4730499999998 750.27758948 755.00479688 759.65537348 764.23001768 768.729425 773.15428808 777.50529668 781.78313768 785.9884950800001 790.12205 794.1844806800001 798.1764624799999 802.09866788 805.9517664800001 809.736425 813.45330728 817.1030742800001 820.68638408 824.2038918800001 827.65625 831.04410788 834.36811208 837.6289062799999 840.82713128 843.9634249999999 847.03842248 850.05275588 853.00705448 855.9019446799999 858.73805 861.51599108 864.23638568 866.89984868 869.50699208 872.0584249999999 874.55475368 876.99658148 879.38450888 881.71913348 884.0010500000001 886.23085028 888.40912328 890.53645508 892.61342888 894.640625
719.77805888 724.9900547599999 730.12114496 735.1720451599999 740.1434681600001 745.0361238799999 749.85071936 754.58795876 759.24854336 763.83317156 768.34253888 772.77733796 777.13825856 781.4259875600001 785.6412089600001 789.78460388 793.8568505600001 797.85862436 801.7905977600001 805.65344036 809.4478188800001 813.17439716 816.83383616 820.42679396 823.9539257600001 827.41588388 830.8133177599999 834.14687396 837.41719616 840.62492516 843.7706988799999 846.85515236 849.8789177599999 852.84262436 855.74689856 858.59236388 861.37964096 864.1093475600001 866.78209856 869.39850596 871.95917888 874.46472356 876.91574336 879.31283876 881.6566073600001 883.94764388 886.18654016 888.3738851600001 890.51026496 892.5962627600001 894.6324588800001
719.26069508 724.48284296 729.62406116 734.68506536 739.6665683600002 744.5692800799999 749.39390756 754.14115496 758.81172356 763.40631176 767.9256150800001 772.37032616 776.74113476 781.03872776 785.26378916 789.41700008 793.4990387600001 797.51058056 801.4522979600001 805.32486056 809.12893508 812.8651853599999 816.53427236 820.13685416 823.6735859600001 827.14512008 830.55210596 833.89519016 837.17501636 840.39222536 843.54745508 846.64134056 849.67451396 852.64760456 855.5612387599999 858.41604008 861.21262916 863.9516237600001 866.6336387599999 869.25928616 871.82917508 874.3439117600001 876.8040995599999 879.2103389600001 881.5632275600001 883.86336008 886.11132836 888.3077213600001 890.45312516 892.5481229600001 894.59329508
718.71403328 723.9463091599999 729.09763136 734.16871556 739.1602745600001 744.0730182799999 748.9076537600001 753.66488516 758.34541376 762.9499379599999 767.47915328 771.93375236 776.3144249600001 780.6218579599999 784.8567353600001 789.01973828 793.1115449600002 797.1328307599999 801.0842681600001 804.9665267600001 808.7802732800001 812.52617156 816.20488256 819.81706436 823.3633721600002 826.84445828 830.2609721599999 833.6135603600001 836.90286656 840.12953156 843.29419328 846.39748676 849.44004416 852.4224947600001 855.34546496 858.20957828 861.01545536 863.76371396 866.45496896 869.08983236 871.66891328 874.1928179600001 876.6621497599999 879.07750916 881.43949376 883.74869828 886.00571456 888.21113156 890.36553536 892.46950916 894.52363328
718.1385702800001 723.3809501599999 728.5423523599999 733.6234925599999 738.62508356 743.5478352799998 748.3924547600001 753.15964616 757.85011076 762.4645469599999 767.0036502800001 771.46811336 775.8586259599999 780.1758749599999 784.4205443600001 788.59331528 792.69486596 796.72587176 800.68700516 804.57893576 808.4023302800001 812.1578525599999 815.84616356 819.46792136 823.02378116 826.51439528 829.9404131599999 833.30248136 836.60124356 839.83734056 843.01141028 846.1240877600001 849.1760051599999 852.16779176 855.1000739599999 857.97347528 860.78861636 863.5461149600001 866.24658596 868.89064136 871.47889028 874.0119389600001 876.49039076 878.91484616 881.28590276 883.60415528 885.87019556 888.0846125600001 890.24799236 892.3609181600001 894.42397028
717.5347999999999 722.7872598799999 727.9587180799999 733.0498902799998 738.06148928 742.9942249999998 747.84880448 752.6259318799999 757.32630848 761.9506326799999 766.4996 770.9739030799999 775.37423168 779.70127268 783.95571008 788.1382249999999 792.2494956800001 796.29019748 800.26100288 804.16258148 807.9956 811.76072228 815.45860928 819.08991908 822.6553068800001 826.1554249999999 829.5909228799999 832.96244708 836.27064128 839.5161462799999 842.6995999999999 845.8216374799999 848.88289088 851.8839894800001 854.82555968 857.7082250000001 860.53260608 863.29932068 866.0089836799999 868.66220708 871.2596 873.80176868 876.28931648 878.72284388 881.10294848 883.4302250000001 885.70526528 887.92865828 890.10099008 892.22284388 894.2948
716.90321348 722.1657293599999 727.34721956 732.4483997599998 737.46998276 742.4126784799998 747.27719396 752.0642333599999 756.77449796 761.4086861599999 765.96749348 770.45161256 774.86173316 779.19854216 783.4627235600001 787.6549584799999 791.77592516 795.8262989599999 799.80675236 803.7179549599999 807.56057348 811.33527176 815.0427107600001 818.68354856 822.2584403600001 825.76803848 829.2129923599999 832.59394856 835.91155076 839.16643976 842.3592534799999 845.49062696 848.56119236 851.57157896 854.5224131599999 857.41431848 860.24791556 863.02382216 865.7426531599999 868.40502056 871.01153348 873.56279816 876.05941796 878.50199336 880.89112196 883.22739848 885.51141476 887.7437597600001 889.92501956 892.0557773600001 894.1366134799999
716.24429888 721.5168467599999 726.70834496 731.8195091599998 736.85105216 741.8036838799999 746.67811136 751.47503876 756.19516736 760.83919556 765.40781888 769.90172996 774.32161856 778.66817156 782.94207296 787.1440038799999 791.2746425600001 795.3346643599999 799.32474176 803.2455443599999 807.0977388800001 810.88198916 814.5989561600001 818.24929796 821.83366976 825.35272388 828.80710976 832.19747396 835.52446016 838.78870916 841.9908588799999 845.13154436 848.21139776 851.23104836 854.1911225599999 857.0922438800001 859.93503296 862.7201075600001 865.44808256 868.11956996 870.7351788799999 873.29551556 875.80118336 878.2527827600001 880.65091136 882.99616388 885.28913216 887.5304051600001 889.72056896 891.8602067600001 893.94989888
715.55854148 720.8410973599998 726.0425795599999 731.1637037599999 736.2051827600001 741.1677264799998 746.05204196 750.85883336 755.58880196 760.2426461599999 764.82106148 769.32474056 773.75437316 778.11064616 782.3942435600001 786.6058464799999 790.74613316 794.81577896 798.81545636 802.74583496 806.6075814800001 810.40135976 814.12783076 817.78765256 821.3814803600001 824.90996648 828.37376036 831.77350856 835.10985476 838.38343976 841.59490148 844.74487496 847.8339923599999 850.86288296 853.8321731599999 856.74248648 859.59444356 862.3886621600001 865.1257571599999 867.80634056 870.43102148 873.00040616 875.5150979599999 877.97569736 880.38280196 882.73700648 885.03890276 887.28907976 889.48812356 891.6366173600001 893.73514148
714.84642368 720.1389635599999 725.3504057600001 730.4814659599999 735.5328569600001 740.5052886799999 745.39946816 750.21609956 754.9558841600001 759.61952036 764.20770368 768.72112676 773.1604793600001 777.5264483599999 781.81971776 786.0409686799999 790.19087936 794.2701251599999 798.27937856 802.21930916 806.09058368 809.89386596 813.6298169600001 817.29909476 820.90235456 824.44024868 827.91342656 831.32253476 834.66821696 837.9511139599999 841.1718636799999 844.33110116 847.42945856 850.46756516 853.44604736 856.36552868 859.22662976 862.0299683600001 864.77615936 867.4658147600001 870.09954368 872.6779523600001 875.20164416 877.67121956 880.08727616 882.45040868 884.76120896 887.0202659600001 889.22816576 891.3854915600001 893.49282368
714.108425 719.4109248799999 724.6323030799999 729.7732752799999 734.83455428 739.8168499999999 744.72086948 749.5473168799999 754.2968934800001 758.9702976799999 763.568225 768.0913680799999 772.54041668 776.91605768 781.2189750800001 785.44985 789.6093606800001 793.69818248 797.71698788 801.66644648 805.547225 809.35998728 813.10539428 816.78410408 820.3967718800002 823.9440500000001 827.4265878799999 830.84503208 834.20002628 837.49221128 840.722225 843.89070248 846.9982758799999 850.04557448 853.03322468 855.96185 858.83207108 861.6445056800001 864.39976868 867.09847208 869.741225 872.32863368 874.86130148 877.33982888 879.76481348 882.1368500000001 884.45653028 886.7244432800001 888.94117508 891.1073088800001 893.223425
713.34502208 718.6574579599999 723.88874816 729.0396083599999 734.1107513600001 739.10288708 744.0167225600001 748.85296196 753.61230656 758.29545476 762.90310208 767.43594116 771.8946617600001 776.27995076 780.5924921600001 784.8329670799999 789.0020537600001 793.10042756 797.1287609600001 801.0877235600001 804.9779820800002 808.80020036 812.55503936 816.24315716 819.8652089600001 823.42184708 826.91372096 830.3414771600001 833.70575936 837.00720836 840.2464620799999 843.42415556 846.54092096 849.59738756 852.59418176 855.5319270800001 858.41124416 861.23275076 863.99706176 866.70478916 869.3565420799999 871.9529267600001 874.49454656 876.98200196 879.41589056 881.79680708 884.12534336 886.4020883600001 888.62762816 890.8025459600001 892.92742208
712.55668868 717.8790365599998 723.12021476 728.2809389599998 733.36192196 738.3638736799999 743.2875011599999 748.13350856 752.90259716 757.5954653599999 762.21280868 766.75531976 771.2236883600001 775.61860136 779.94074276 784.1907936799998 788.3694323600001 792.4773341599999 796.5151715600001 800.4836141599999 804.38332868 808.21497896 811.97922596 815.6767277600001 819.3081395600001 822.8741136799999 826.37529956 829.81234376 833.1858899599999 836.49657896 839.74504868 842.93193416 846.05786756 849.12347816 852.12939236 855.0762336800001 857.96462276 860.79517736 863.56851236 866.28523976 868.94596868 871.55130536 874.10185316 876.59821256 879.04098116 881.43075368 883.76812196 886.0536749600001 888.28799876 890.4716765600001 892.6052886800001
