Himmelblau.txt
ncols	501	
nrows	501	
xllcorner	10001	
yllcorner	10001	
cellsize	1	
NODATA_value	-9999	
[rows 352 to 373 of 501, columns 147 to 195 of 501]
428.09313636 428.51562816 428.92488996 429.32121408 429.70488996 430.07620416 430.43544036000003 430.78287936 431.11879908 431.44347456 431.75717796 432.06017856 432.35274276 432.63513408 432.90761316 433.17043776 433.42386276 433.66814016 433.90351908 434.13024576 434.34856356 434.55871296 434.76093156 434.95545408 435.14251236 435.32233536 435.49514916 435.66117696 435.82063908 435.97375296 436.12073316 436.26179136 436.39713636 436.52697408 436.65150756 436.77093696000003 436.88545956 436.99526976 437.10055908 437.20151616 437.29832676 437.39117376 437.48023716 437.56569408 437.64771876 437.72648256 437.80215396 437.87489856 437.94487908
428.62178855999997 429.04428035999996 429.45351816 429.84979427999997 430.23339816 430.60461635999997 430.96373256 431.31102756 431.64677928 431.97126276 432.28475016 432.58751076 432.87981096 433.16191428 433.43408136 433.69656996 433.94963495999997 434.19352835999996 434.42849928 434.65479396 434.87265576 435.08232516 435.28403976 435.47803428 435.66454056 435.84378756 436.01600135999996 436.18140516 436.34021928 436.49266116 436.63894536 436.77928356 436.91388456 437.04295428 437.16669576 437.28530916 437.39899176 437.50793796 437.61233928 437.71238436 437.80825896 437.90014596 437.98822536 438.07267428 438.15366696 438.23137476 438.30596615999997 438.37760676 438.44645928
429.14543556 429.56790336 429.97709316 430.37329728 430.75680516 431.12790336 431.48687556 431.83400256 432.16956228000004 432.49382976 432.80707716 433.10957376 433.40158596000003 433.68337728 433.95520836000003 434.21733696 434.47001796 434.71350336 434.94804228 435.17388096 435.39126276 435.60042816 435.80161476 435.99505727999997 436.18098756 436.35963456 436.53122436 436.69598016 436.85412228 437.00586816 437.15143236 437.29102656 437.42485956 437.55313728 437.67606276 437.79383616 437.90665476 438.01471296 438.11820228 438.21731136 438.31222596 438.40312896 438.49020036 438.57361728 438.65355396 438.73018176 438.80366916 438.87418176 438.94188228
429.66377927999997 430.08619908 430.49531688 430.89142499999997 431.27481288 431.64576708 432.00457128 432.35150627999997 432.68685 433.01087748 433.32386088 433.62606948 433.91776968 434.199225 434.47069608 434.73244067999997 434.98471367999997 435.22776708 435.46184999999997 435.68720867999997 435.90408648 436.11272388 436.31335848 436.506225 436.69155528 436.86957828 437.04052007999996 437.20460388 437.36205 437.51307588 437.65789608 437.79672228 437.92976328 438.057225 438.17931047999997 438.29621987999997 438.40815048 438.51529668 438.61785 438.71599908 438.80992968 438.89982468 438.98586408 439.068225 439.14708168 439.22260547999997 439.29496488 439.36432548 439.43084999999996
430.17651876 430.59886656000003 431.00788836 431.40387648 431.78712036 432.15790656 432.51651876 432.86323776 433.19834148 433.52210496 433.83480036000003 434.13669696 434.42806116 434.70915648 434.98024356 435.24158016 435.49342116 435.73601856 435.96962148 436.19447616 436.41082596 436.61891136 436.81896996 437.01123648 437.19594276 437.37331776 437.54358756 437.70697536 437.86370148000003 438.01398336 438.15803556000003 438.29606976 438.42829476 438.55491648000003 438.67613796 438.79215936 438.90317796 439.00938816 439.11098148 439.20814656 439.30106916 439.38993216 439.47491556 439.55619648 439.63394916 439.70834496 439.77955236 439.84773696 439.91306148
430.68335016 431.10560196 431.51450375999997 431.91034788 432.29342376 432.66401795999997 433.02241416 433.36889315999997 433.70373287999996 434.02720836 434.33959175999996 434.64115236 434.93215656 435.21286788 435.48354696 435.74445156 435.99583656 436.23795395999997 436.47105288 436.69537956 436.91117736 437.11868676 437.31814536 437.50978788 437.69384615999996 437.87054916 438.04012295999996 438.20279075999997 438.35877288 438.50828676 438.65154696 438.78876515999997 438.92015016 439.04590788 439.16624136 439.28135076 439.39143336 439.49668356 439.59729288 439.69344996 439.78534056 439.87314756 439.95705096 440.03722788 440.11385256 440.18709636 440.25712776 440.32411236 440.38821287999997
431.18396676 431.60609856 432.01485636 432.41053248000003 432.79341636 433.16379456 433.52195076 433.86816576 434.20271748 434.52588096 434.83792836 435.13912896 435.42974916000003 435.71005248 435.98029956 436.24074816 436.49165316 436.73326656 436.96583748 437.18961216 437.40483396 437.61174336 437.81057796 438.00157248 438.18495876000003 438.36096576 438.52981956 438.69174336 438.84695748 438.99567936 439.13812356 439.27450176 439.40502276 439.52989248 439.64931396000003 439.76348736 439.87260996 439.97687616 440.07647748 440.17160256 440.26243716 440.34916416 440.43196356 440.51101248 440.58648516 440.65855296 440.72738436 440.79314496 440.85599748
431.67805896 432.10004676 432.50863656 432.90412068 433.28678856 433.65692676 434.01481896 434.36074596 434.69498568 435.01781316 435.32950056 435.63031716 435.92052936 436.20040068 436.47019176 436.73016036 436.98056135999997 437.22164676 437.45366568 437.67686435999997 437.89148616 438.09777156 438.29595816 438.48628068 438.66897095999997 438.84425796 439.01236776 439.17352356 439.32794567999997 439.47585155999997 439.61745576 439.75296996 439.88260296 440.00656068 440.12504616 440.23825956 440.34639816 440.44965636 440.54822568 440.64229475999997 440.73204936 440.81767236 440.89934375999997 440.97724068 441.05153736 441.12240515999997 441.19001256 441.25452516 441.31610567999996
432.16531428 432.58713408 432.99553188 433.3908 433.77322788000004 434.14310208 434.50070628 434.84632128 435.180225 435.50269248 435.81399588 436.11440448 436.40418468 436.6836 436.95291108000004 437.21237568000004 437.46224868 437.70278208 437.934225 438.15682368 438.37082148 438.57645888 438.77397348 438.9636 439.14557028 439.32011328 439.48745508 439.64781888 439.801425 439.94849088 440.08923108 440.22385728 440.35257828 440.4756 440.59312548 440.70535488 440.81248548 440.91471168 441.012225 441.10521408 441.19386468 441.27835968 441.35887908 441.4356 441.50869668 441.57834048 441.64469988 441.70794048 441.76822500000003
432.64541736 433.06704516 433.47522696 433.87025508 434.25241896 434.62200516 434.97929736 435.32457636 435.65812008 435.98020356 436.29109896 436.59107556 436.88039976 437.15933508 437.42814216 437.68707876 437.93639976 438.17635716 438.40720008 438.62917476 438.84252456 439.04748996 439.24430856 439.43321507999997 439.61444136 439.78821636 439.95476616 440.11431396 440.26708007999997 440.41328196 440.55313416 440.68684836 440.81463336 440.93669508 441.05323656 441.16445796 441.27055656 441.37172676 441.46816008 441.56004516 441.64756776 441.73091076 441.81025416 441.88577508 441.95764776 442.02604356 442.09113096 442.15307556 442.21204008
433.11804996 433.53946176 433.94740356 434.34216768 434.72404356 435.09331776 435.45027396 435.79519296 436.12835268000003 436.45002816 436.76049156 437.06001216 437.34885636 437.62728768 437.89556676 438.15395136 438.40269636 438.64205376 438.87227268 439.09359936 439.30627716 439.51054656 439.70664516 439.89480768 440.07526596 440.24824896 440.41398276 440.57269056 440.72459268 440.86990656 441.00884676 441.14162496 441.26844996 441.38952768 441.50506116 441.61525056 441.72029316 441.82038336 441.91571268 442.00646976 442.09284036 442.17500736 442.25315076 442.32744768 442.39807236 442.46519616 442.52898756 442.58961216 442.64723268
433.58289096 434.00406276 434.41174056 434.80621668 435.18778056 435.55671875999997 435.91331496 436.25784996 436.59060168 436.91184516 437.22185256 437.52089316 437.80923336 438.08713668 438.35486376 438.61267236 438.86081736 439.09955076 439.32912168 439.54977636 439.76175816 439.96530756 440.16066216 440.34805668 440.52772296 440.69988996 440.86478376 441.02262756 441.17364168 441.31804356 441.45604776 441.58786596 441.71370695999997 441.83377667999997 441.94827816 442.05741156 442.16137416 442.26036036 442.35456168 442.44416676 442.52936136 442.61032836 442.68724776 442.76029668 442.82964936 442.89547716 442.95794856 443.01722916 443.07348168
434.03961636 434.46052416000003 434.86791396 435.26207808 435.64330596 436.01188416 436.36809636 436.71222336 437.04454308 437.36533056 437.67485796 437.97339456000003 438.26120676 438.53855808000003 438.80570916 439.06291776 439.31043876 439.54852416 439.77742308 439.99738176 440.20864356 440.41144896000003 440.60603556 440.79263808 440.97148836 441.14281536 441.30684516 441.46380096 441.61390308 441.75736896 441.89441316 442.02524736 442.15008036 442.26911808 442.38256356 442.49061696 442.59347556 442.69133376 442.78438308 442.87281216 442.95680676 443.03654976 443.11222116 443.18399808 443.25205476 443.31656256 443.37768996 443.43560256 443.49046308
434.48789928 434.90851908 435.31559688 435.709425 436.09029288 436.45848708 436.81429128 437.15798628 437.48985 437.81015748 438.11918088 438.41718948 438.70444968 438.981225 439.24777608 439.50436068 439.75123368 439.98864708 440.21685 440.43608868 440.64660648 440.84864388 441.04243848 441.228225 441.40623528 441.57669828 441.73984008 441.89588388 442.04505 442.18755588 442.32361608 442.45344228 442.57724328 442.695225 442.80759048 442.91453988 443.01627048 443.11297668 443.20485 443.29207908 443.37484968 443.45334468 443.52774408 443.598225 443.66496168 443.72812548 443.78788488 443.84440548 443.89785
434.92740996000003 435.34771776 435.75445956 436.14792768 436.52841156 436.89619776 437.25156996 437.59480896 437.92619268 438.24599616 438.55449156000003 438.85194816 439.13863236000003 439.41480768 439.68073476 439.93667136 440.18287236 440.41958976 440.64707268 440.86556736 441.07531716 441.27656256 441.46954116 441.65448768 441.83163396 442.00120896 442.16343876 442.31854656 442.46675268 442.60827456 442.74332676 442.87212096 442.99486596 443.11176768 443.22302916 443.32885056 443.42942916 443.52495936 443.61563268000003 443.70163776 443.78316036 443.86038336 443.93348676 444.00264768 444.06804036 444.12983616 444.18820356000003 444.24330816 444.29531268
435.35781576 435.77778756 436.18416936 436.57725347999997 436.95732936 437.32468356 437.67959976 438.02235876 438.35323848 438.67251396 438.98045736 439.27733796 439.56342216 439.83897348 440.10425256 440.35951716 440.60502216 440.84101956 441.06775848 441.28548516 441.49444296 441.69487236 441.88701096 442.07109348 442.24735176 442.41601476 442.57730856 442.73145636 442.87867848 443.01919236 443.15321256 443.28095076 443.40261576 443.51841348 443.62854696 443.73321636 443.83261896 443.92694916 444.01639848 444.10115556 444.18140616 444.25733316 444.32911656 444.39693348 444.46095816 444.52136196 444.57831336 444.63197796 444.68251848
435.77878116 436.19839296 436.60439076 436.99706688000003 437.37671076 437.74360896 438.09804516 438.44030016 438.77065188 439.08937536 439.39674276 439.69302336 439.97848356000003 440.25338688 440.51799396 440.77256256 441.01734756 441.25260096 441.47857188 441.69550656 441.90364836000003 442.10323776 442.29451236 442.47770688 442.65305316 442.82078016 442.98111396 443.13427776000003 443.28049188 443.41997376 443.55293796 443.67959616 443.80015716 443.91482688 444.02380836000003 444.12730176 444.22550436 444.31861056 444.40681188 444.49029696 444.56925156 444.64385856 444.71429796 444.78074688 444.84337956 444.90236736 444.95787876 445.01007936 445.05913188
436.18996776 436.60919556 437.01478536 437.40702948 437.78621736 438.15263556 438.50656776 438.84829476 439.17809448 439.49624196 439.80300936 440.09866596 440.38347816 440.65770948 440.92162056 441.17546916 441.41951016 441.65399556 441.87917448 442.09529316 442.30259496 442.50132036 442.69170696 442.87398948 443.04839976 443.21516676 443.37451656 443.52667236 443.67185448 443.81028036 443.94216456 444.06771876 444.18715176 444.30066948 444.40847496 444.51076836 444.60774696 444.69960516 444.78653448 444.86872356 444.94635816 445.01962116 445.08869256 445.15374948 445.21496616 445.27251396 445.32656136 445.37727396 445.42481448
436.59103428000003 437.00985408 437.41501188 437.8068 438.18550788 438.55142208 438.90482628 439.24600128000003 439.575225 439.89277248 440.19891588 440.49392448000003 440.77806468 441.0516 441.31479108 441.56789568 441.81116868 442.04486208000003 442.269225 442.48450368 442.69094148 442.88877888 443.07825348 443.25960000000003 443.43305028000003 443.59883328 443.75717508 443.90829888 444.052425 444.18977088 444.32055108000003 444.44497728 444.56325828 444.67560000000003 444.78220548 444.88327488 444.97900548 445.06959168000003 445.15522500000003 445.23609408 445.31238468 445.38427968 445.45195908 445.5156 445.57537668000003 445.63146048 445.68401988 445.73322048 445.779225
436.98163656 437.40002436 437.80472616 438.19603428 438.57423816 438.93962436 439.29247656 439.63307556 439.96169928 440.27862276 440.58411816 440.87845476 441.16189896000003 441.43471428 441.69716136 441.94949796 442.19197896 442.42485636 442.64837928 442.86279396 443.06834376 443.26526916 443.45380776 443.63419428 443.80666056 443.97143556 444.12874536 444.27881315999997 444.42185928 444.55810116 444.68775336 444.81102756 444.92813256 445.03927428 445.14465576 445.24447716 445.33893576 445.42822596 445.51253928 445.59206436 445.66698696 445.73748996 445.80375336 445.86595428 445.92426696 445.97886275999997 446.02991016 446.07757476 446.12201928
437.36142756 437.77935936 438.18358116 438.57438528 438.95206116 439.31689536 439.66917156 440.00917056000003 440.33717028 440.65344576 440.95826916 441.25190976 441.53463396 441.80670528 442.06838436 442.31992896 442.56159396 442.79363136 443.01629028 443.22981696 443.43445476 443.63044416 443.81802276 443.99742528 444.16888356 444.33262656 444.48888036 444.63786816 444.77981028 444.91492416 445.04342436 445.16552256 445.28142756 445.39134528 445.49547876 445.59402816 445.68719076 445.77516096 445.85813028 445.93628736 446.00981796 446.07890496 446.14372836 446.20446528 446.26128996 446.31437376 446.36388516 446.40998976000003 446.45285028
437.73005736 438.14750916 438.55122696 438.94150308 439.31862696 439.68288516 440.03456136 440.37393636 440.70128808 441.01689156 441.32101896 441.61393956 441.89591976 442.16722308 442.42811016 442.67883876 442.91966376 443.15083716 443.37260808 443.58522276 443.78892456 443.98395396 444.17054856 444.34894307999997 444.51936936 444.68205636 444.83723016 444.98511396 445.12592808 445.25988996 445.38721416 445.50811236 445.62279336 445.73146308 445.83432456 445.93157796 446.02342056 446.11004676 446.19164808 446.26841316 446.34052776 446.40817476 446.47153416 446.53078308 446.58609576 446.63764356 446.68559496 446.73011556 446.77136808
