Himmelblau.txt
ncols	501	
nrows	501	
xllcorner	501	
yllcorner	501	
cellsize	1	
NODATA_value	-9999	
[rows 462 to 483 of 501, columns 255 to 305 of 501]
857.9182086799999 857.58391616 857.2486835599999 856.9124921599999 856.57532036 856.2371436799999 855.89793476 855.55766336 855.2162963599999 854.8737977599999 854.53012868 854.18524736 853.8391091599999 853.49166656 853.1428691599999 852.79266368 852.4409939599999 852.08780096 851.7330227599999 851.37659456 851.0184486799999 850.65851456 850.29671876 849.93298496 849.56723396 849.19938368 848.82934916 848.45704256 848.08237316 847.7052473599999 847.32556868 846.94323776 846.55815236 846.17020736 845.77929476 845.3853036799999 844.9881203599999 844.5876281599999 844.1837075599999 843.7762361599999 843.36508868 842.9501369599999 842.53124996 842.1082937599999 841.6811315599999 841.24962368 840.81362756 840.37299776 839.92758596 839.47724096 839.0218086799999
855.06394568 854.72442116 854.3839325600001 854.04246116 853.69998536 853.35648068 853.0119197600001 852.6662723600001 852.31950536 851.97158276 851.62246568 851.27211236 850.92047816 850.5675155600001 850.2131741600001 849.8574006800001 849.50013896 849.14132996 848.78091176 848.4188195600001 848.0549856800001 847.68933956 847.3218077600001 846.9523139600001 846.5807789600001 846.20712068 845.8312541600001 845.4530915600001 845.07254216 844.6895123600001 844.3039056800001 843.9156227600001 843.52456136 843.13061636 842.7336797600001 842.33364068 841.9303853600001 841.5237971600001 841.1137565600001 840.70014116 840.2828256800001 839.86168196 839.43657896 839.00738276 838.57395656 838.1361606800001 837.6938525600001 837.24688676 836.7951149600001 836.3383859600001 835.87654568
852.1520310799999 851.8072505599999 851.46148196 851.11470656 850.76690276 850.4180460800001 850.06810916 849.71706176 849.3648707599999 849.01150016 848.65691108 848.30106176 847.94390756 847.58540096 847.22549156 846.86412608 846.50124836 846.1367993599999 845.77071716 845.40293696 845.03339108 844.66200896 844.28871716 843.91343936 843.53609636 843.15660608 842.77488356 842.39084096 842.0043875599999 841.61542976 841.22387108 840.82961216 840.43255076 840.03258176 839.62959716 839.2234860799999 838.81413476 838.40142656 837.9852419599999 837.56545856 837.14195108 836.71459136 836.28324836 835.8477881599999 835.40807396 834.96396608 834.5153219599999 834.06199616 833.60384036 833.14070336 832.67243108
849.1818499999999 848.83178948 848.48071688 848.12861348 847.77545768 847.421225 847.06588808 846.70941668 846.3517776799999 845.99293508 845.63285 845.27148068 844.90878248 844.54470788 844.1792064800001 843.812225 843.44370728 843.07359428 842.70182408 842.3283318800001 841.9530500000001 841.57590788 841.19683208 840.81574628 840.43257128 840.047225 839.65962248 839.26967588 838.87729448 838.48238468 838.0848500000001 837.68459108 837.28150568 836.87548868 836.46643208 836.054225 835.63875368 835.21990148 834.79754888 834.37157348 833.94185 833.50825028 833.07064328 832.62889508 832.18286888 831.732425 831.27742088 830.8177110800001 830.35314728 829.8835782799999 829.40885
846.15278468 845.79742016 845.44101956 845.0835641599999 844.72503236 844.36539968 844.00463876 843.64271936 843.2796083599999 842.91526976 842.54966468 842.18275136 841.81448516 841.4448185599999 841.07370116 840.70107968 840.32689796 839.95109696 839.5736147599999 839.19438656 838.81334468 838.43041856 838.04553476 837.65861696 837.26958596 836.8783596799999 836.48485316 836.08897856 835.69064516 835.28975936 834.8862246799999 834.47994176 834.07080836 833.65871936 833.2435667599999 832.82523968 832.40362436 831.97860416 831.55005956 831.11786816 830.68190468 830.2420409599999 829.7981459599999 829.35008576 828.8977235599999 828.44091968 827.9795315599999 827.51341376 827.04241796 826.5663929599999 826.0851846799999
843.06421448 842.70352196 842.34176936 841.97893796 841.61500616 841.24994948 840.88374056 840.51634916 840.14774216 839.77788356 839.4067344800001 839.0342531599999 838.6603949600001 838.28511236 837.90835496 837.5300694800001 837.15019976 836.76868676 836.3854685599999 836.00048036 835.61365448 835.22492036 834.83420456 834.44143076 834.04651976 833.64938948 833.24995496 832.84812836 832.44381896 832.03693316 831.6273744800001 831.21504356 830.79983816 830.38165316 829.96038056 829.53590948 829.10812616 828.67691396 828.24215336 827.8037219600001 827.36149448 826.9153427599999 826.46513576 826.01073956 825.55201736 825.08882948 824.6210333600001 824.14848356 823.67103176 823.1885267600001 822.70081448
839.9155158799999 839.5494713599999 839.18234276 838.81411136 838.44475556 838.0742508799999 837.70256996 837.32968256 836.95555556 836.58015296 836.2034358799999 835.8253625599999 835.4458883599999 835.06496576 834.68254436 834.2985708799999 833.9129891599999 833.5257401599999 833.13676196 832.7459897599999 832.35335588 831.95878976 831.56221796 831.16356416 830.76274916 830.3596908799999 829.9543043599999 829.54650176 829.13619236 828.7232825599999 828.30767588 827.88927296 827.46797156 827.0436665599999 826.6162499599999 826.1856108799999 825.75163556 825.31420736 824.8732067599999 824.4285113599999 823.9799958799999 823.52753216 823.07098916 822.61023296 822.1451267599999 821.67553088 821.20130276 820.72229696 820.23836516 819.7493561599999 819.25511588
836.70606248 836.33464196 835.96211336 835.58845796 835.21365416 834.83767748 834.46050056 834.08209316 833.70242216 833.32145156 832.93914248 832.55545316 832.17033896 831.78375236 831.39564296 831.00595748 830.6146397599999 830.2216307599999 829.82686856 829.43028836 829.0318224800001 828.63140036 828.22894856 827.82439076 827.41764776 827.00863748 826.5972749599999 826.18347236 825.76713896 825.34818116 824.92650248 824.50200356 824.0745821600001 823.6441331599999 823.21054856 822.77371748 822.33352616 821.88985796 821.44259336 820.99160996 820.53678248 820.0779827599999 819.61507976 819.1479395599999 818.6764253599999 818.20039748 817.71971336 817.23422756 816.74379176 816.24825476 815.74746248
833.435225 833.0584044799999 832.68045188 832.3013484799999 831.92107268 831.5396 831.15690308 830.77295168 830.3877126799999 830.0011500799999 829.6132249999999 829.2238956799999 828.8331174799999 828.44084288 828.04702148 827.6515999999999 827.25452228 826.8557292799999 826.4551590799999 826.05274688 825.648425 825.2421228799999 824.8337670799999 824.42328128 824.01058628 823.5955999999999 823.1782374799999 822.7584108799999 822.33602948 821.9109996799999 821.483225 821.05260608 820.6190406799999 820.1824236799999 819.7426470799999 819.2995999999999 818.85316868 818.4032364799999 817.94968388 817.49238848 817.031225 816.5660652799999 816.09677828 815.62323008 815.14528388 814.6628 814.17563588 813.68364608 813.18668228 812.68459328 812.1772249999999
830.1023712799999 829.72012676 829.33672616 828.95215076 828.56637896 828.17938628 827.79114536 827.40162596 827.01079496 826.61861636 826.22505128 825.83005796 825.43359176 825.0356051599999 824.63604776 824.23486628 823.83200456 823.4274035599999 823.02100136 822.61273316 822.20253128 821.79032516 821.37604136 820.95960356 820.54093256 820.11994628 819.6965597599999 819.27068516 818.84223176 818.41110596 817.97721128 817.54044836 817.10071496 816.65790596 816.2119133599999 815.76262628 815.30993096 814.85371076 814.3938461600001 813.93021476 813.4626912800001 812.99114756 812.51545256 812.03547236 811.55107016 811.06210628 810.56843816 810.06992036 809.56640456 809.0577395600001 808.54377128
826.70686628 826.3191737599999 825.9303011599999 825.5402297599999 825.1489379599999 824.75640128 824.36259236 823.96748096 823.5710339599999 823.1732153599999 822.7739862799999 822.3733049599999 821.97112676 821.5674041599999 821.16208676 820.7551212799999 820.3464515599999 819.9360185599999 819.5237603599999 819.1096121599999 818.69350628 818.27537216 817.85513636 817.43272256 817.00805156 816.5810412799999 816.1516067599999 815.7196601599999 815.28511076 814.8478649599999 814.4078262799999 813.9648953599999 813.51896996 813.0699449599999 812.6177123599999 812.16216128 811.70317796 811.24064576 810.7744451599999 810.3044537599999 809.8305462799999 809.35259456 808.87046756 808.3840313599999 807.8931491599999 807.3976812799999 806.89748516 806.39241536 805.88232356 805.3670585599999 804.84646628
823.2480720799999 822.85490756 822.46053896 822.0649475600001 821.66811176 821.27000708 820.8706061600001 820.46987876 820.06779176 819.66430916 819.25939208 818.85299876 818.4450845599999 818.03560196 817.62450056 817.2117270800001 816.79722536 816.38093636 815.9627981599999 815.5427459599999 815.12071208 814.69662596 814.27041416 813.84200036 813.41130536 812.97824708 812.54274056 812.10469796 811.66402856 811.2206387599999 810.77443208 810.32530916 809.87316776 809.41790276 808.95940616 808.49756708 808.03227176 807.56340356 807.09084296 806.6144675600001 806.13415208 805.6497683599999 805.16118536 804.66826916 804.17088296 803.66888708 803.16213896 802.65049316 802.13380136 801.6119123599999 801.08467208
819.7253478799998 819.3266873599999 818.9267987599999 818.52566336 818.12325956 817.71956288 817.3145459599999 816.90817856 816.5004275599999 816.0912569599999 815.68062788 815.2684985599999 814.85482436 814.43955776 814.02264836 813.60404288 813.1836851599999 812.7615161599999 812.3374739599999 811.91149376 811.4835078799999 811.0534457599999 810.6212339599999 810.18679616 809.75005316 809.3109228799999 808.86932036 808.4251577599999 807.9783443599999 807.52878656 807.07638788 806.6210489599999 806.1626675599999 805.7011385599999 805.2363539599999 804.7682028799999 804.29657156 803.8213433599999 803.3423987599999 802.8596153599999 802.37286788 801.8820281599999 801.3869651599999 800.8875449599999 800.38363076 799.8750828799999 799.3617587599999 798.84351296 798.3201971599999 797.7916601599999 797.2577478799999
816.13805 815.73386948 815.32843688 814.9217334800001 814.51373768 814.104425 813.69376808 813.28173668 812.86829768 812.45341508 812.03705 811.61916068 811.19970248 810.77862788 810.35588648 809.931425 809.50518728 809.0771142799999 808.64714408 808.21521188 807.78125 807.34518788 806.90695208 806.4664662800001 806.02365128 805.5784249999999 805.13070248 804.68039588 804.22741448 803.77166468 803.31305 802.85147108 802.38682568 801.9190086799999 801.4479120799999 800.9734249999999 800.49543368 800.0138214799999 799.52846888 799.0392534800001 798.54605 798.04873028 797.54716328 797.04121508 796.5307488799999 796.015625 795.49570088 794.97083108 794.44086728 793.90565828 793.36505
812.48553188 812.0758073600001 811.66480676 811.2525113600001 810.8388995600001 810.4239468800001 810.0076259600002 809.5899065600001 809.1707555600001 808.7501369600001 808.3280118800001 807.90433856 807.4790723600001 807.0521657600001 806.6235683600001 806.1932268800001 805.7610851600001 805.32708416 804.8911619600001 804.45325376 804.0132918800001 803.5712057600001 803.1269219600001 802.6803641600002 802.2314531600001 801.7801068800001 801.3262403600002 800.8697657600001 800.4105923600001 799.9486265600001 799.4837718800002 799.0159289600001 798.5449955600002 798.07086656 797.5934339600001 797.1125868800001 796.6282115600001 796.1401913600001 795.6484067600002 795.1527353600002 794.6530518800001 794.1492281600001 793.6411331600001 793.1286329600001 792.6115907600001 792.0898668800002 791.5633187600001 791.0318009600002 790.4951651600002 789.9532601600001 789.40593188
808.76714408 808.35185156 807.93525896 807.51734756 807.09809576 806.67747908 806.2554701600001 805.83203876 805.40715176 804.98077316 804.5528640800001 804.12338276 803.69228456 803.25952196 802.82504456 802.38879908 801.95072936 801.5107763599999 801.0688781599999 800.62496996 800.17898408 799.73084996 799.28049416 798.82784036 798.37280936 797.91531908 797.45528456 796.99261796 796.52722856 796.0590227600001 795.58790408 795.11377316 794.63652776 794.1560627599999 793.6722701599999 793.18503908 792.69425576 792.19980356 791.70156296 791.19941156 790.69322408 790.1828723599999 789.66822536 789.14914916 788.6255069599999 788.09715908 787.56396296 787.02577316 786.48244136 785.93381636 785.37974408
804.9822342800001 804.56134976 804.13914116 803.7155897600001 803.29067396 802.8643692800001 802.43664836 802.0074809600001 801.57683396 801.1446713600001 800.71095428 800.27564096 799.8386867600001 799.4000441600001 798.95966276 798.5174892800001 798.07346756 797.62753856 797.17964036 796.72970816 796.27767428 795.8234681600001 795.3670163600001 794.9082425600001 794.44706756 793.98340928 793.51718276 793.04830016 792.5766707600001 792.1022009600001 791.6247942800001 791.1443513600001 790.66076996 790.17394496 789.68376836 789.1901292800001 788.69291396 788.19200576 787.6872851600001 787.17862976 786.6659142800002 786.1490105600001 785.62778756 785.10211136 784.5718451600001 784.0368492800001 783.4969811600001 782.95209536 782.40204356 781.8466745600001 781.28583428
801.13014728 800.70364676 800.27579816 799.8465827599999 799.41597896 798.98396228 798.55050536 798.11557796 797.6791469599999 797.2411763599999 796.8016272799999 796.36045796 795.91762376 795.47307716 795.02676776 794.5786422799999 794.1286445599999 793.6767155599999 793.22279336 792.76681316 792.3087072799999 791.84840516 791.38583336 790.92091556 790.45357256 789.9837222799999 789.51127976 789.0361571599999 788.5582637599999 788.0775059599999 787.59378728 787.10700836 786.61706696 786.1238579599999 785.6272733599999 785.1272022799999 784.6235309599999 784.11614276 783.60491816 783.08973476 782.57046728 782.0469875599999 781.5191645599999 780.9868643599999 780.44995016 779.90828228 779.36171816 778.81011236 778.25331656 777.6911795599999 777.1235472799999
797.210225 796.7780844800001 796.3445718800001 795.90966848 795.4733526800001 795.0356 794.5963830800001 794.1556716800001 793.7134326800001 793.2696300800001 792.8242250000001 792.37717568 791.9284374800001 791.4779628800001 791.0257014800001 790.5716000000001 790.1156022800001 789.65764928 789.1976790800001 788.73562688 788.2714250000001 787.8050028800001 787.3362870800001 786.8652012800001 786.3916662800001 785.9156 785.43691748 784.9555308800001 784.4713494800001 783.9842796800001 783.4942250000001 783.00108608 782.5047606800001 782.0051436800001 781.50212708 780.9956000000001 780.4854486800001 779.9715564800001 779.4538038800001 778.9320684800001 778.4062250000002 777.8761452800001 777.3416982800001 776.8027500800001 776.2591638800001 775.7108000000001 775.1575158800001 774.59916608 774.0356022800001 773.4666732800001 772.892225
793.2218064799999 792.78400196 792.34480136 791.90418596 791.46213416 791.01862148 790.57362056 790.12710116 789.6790301599999 789.22937156 788.77808648 788.32513316 787.8704669599999 787.41404036 786.95580296 786.49570148 786.0336797599999 785.56967876 785.1036365599999 784.63548836 784.1651664799999 783.6926003599999 783.21771656 782.74043876 782.26068776 781.77838148 781.29343496 780.80576036 780.3152669599999 779.82186116 779.32544648 778.82592356 778.32319016 777.8171411599999 777.3076685599999 776.79466148 776.2780061599999 775.75758596 775.23328136 774.70496996 774.17252648 773.63582276 773.09472776 772.54910756 771.99882536 771.44374148 770.88371336 770.31859556 769.74823976 769.1724947600001 768.59120648
789.16422788 788.72073536 788.27582276 787.8294713600001 787.38165956 786.93236288 786.48155396 786.02920256 785.57527556 785.11973696 784.66254788 784.20366656 783.74304836 783.2806457600001 782.8164083600001 782.3502828800001 781.88221316 781.41214016 780.94000196 780.46573376 779.98926788 779.51053376 779.0294579600001 778.54596416 778.05997316 777.57140288 777.08016836 776.58618176 776.08935236 775.58958656 775.08678788 774.5808569600001 774.0716915600001 773.55918656 773.04323396 772.52372288 772.0005395600001 771.4735673600001 770.94268676 770.4077753600001 769.8687078800001 769.32535616 768.7775891599999 768.22527296 767.66827076 767.10644288 766.5396467600001 765.96773696 765.39056516 764.8079801599999 764.21982788
785.03682248 784.58761796 784.13696936 783.6848579599999 783.2312621599999 782.7761574799999 782.31951656 781.86130916 781.4015021599998 780.9400595599999 780.4769424799999 780.0121091599999 779.54551496 779.07711236 778.60685096 778.1346774799999 777.6605357599999 777.1843667599999 776.70610856 776.2256963599999 775.7430624799999 775.25813636 774.77084456 774.28111076 773.7888557599999 773.2939974799999 772.7964509599999 772.29612836 771.7929389599999 771.2867891599999 770.77758248 770.26521956 769.74959816 769.2306131599998 768.7081565599999 768.18211748 767.6523821599999 767.11883396 766.58135336 766.0398179599999 765.49410248 764.9440787599999 764.38961576 763.8305795599999 763.26683336 762.69823748 762.1246493599999 761.54592356 760.96191176 760.37246276 759.7774224799999
