Himmelblau.txt
ncols	501	
nrows	501	
xllcorner	10001	
yllcorner	10001	
cellsize	1	
NODATA_value	-9999	
[rows 396 to 417 of 501, columns 294 to 342 of 501]
445.58688576000003 445.52976228 445.47041856 445.40872356 445.34454336 445.27774116 445.20817728000003 445.13570916000003 445.06019136000003 444.98147556000004 444.89941056 444.81384228 444.72461376 444.63156516 444.53453376 444.43335396000003 444.32785728 444.21787236 444.10322496 443.98373796 443.85923136 443.72952228 443.59442496 443.45375076 443.30730816 443.15490276 442.99633728 442.83141156 442.65992256 442.48166436 442.29642816 442.10400228000003 441.90417216000003 441.69672036000003 441.48142656 441.25806756000003 441.02641728000003 440.78624676 440.53732416 440.27941476 440.01228096 439.73568228 439.44937536000003 439.15311396 438.84664896 438.52972836 438.20209728 437.86349796 437.51366976
445.16240676 445.10069928 445.03674756 444.97042056 444.90158435999996 444.83010215999997 444.75583428 444.67863816 444.59836836 444.51487656 444.42801156 444.33761928 444.24354275999997 444.14562215999996 444.04369476 443.93759496 443.82715428 443.71220136 443.59256196 443.46805896 443.33851236 443.20373928 443.06355396 442.91776776 442.76618916 442.60862376 442.44487427999996 442.27474056 442.09801955999995 441.91450535999996 441.72398916 441.52625928 441.32110116 441.10829736 440.88762756 440.65886856 440.42179428 440.17617576 439.92178115999997 439.65837576 439.38572196 439.10357927999996 438.81170436 438.50985096 438.19776995999996 437.87520936 437.54191427999996 437.19762696 436.84208676
444.71355456 444.64723908 444.57865536 444.50767236 444.43415616 444.35796996 444.27897408 444.19702596 444.11198016 444.02368836 443.93199936 443.83675908 443.73781056 443.63499396000003 443.52814656 443.41710276 443.30169408 443.18174916 443.05709376 442.92755076000003 442.79294016 442.65307908 442.50778176 442.35685956 442.20012096 442.03737156 441.86841408 441.69304836 441.51107136 441.32227716 441.12645696 440.92339908 440.71288896 440.49470916 440.26863936 440.03445636 439.79193408000003 439.54084356 439.28095296000004 439.01202756 438.73382976 438.44611908 438.14865216 437.84118276 437.52346176000003 437.19523716 436.85625408 436.50625476 436.14497856
444.23990435999997 444.16895688 444.09571716 444.02005416 443.94183396 443.86091976 443.77717187999997 443.69044776 443.60060196 443.50748616 443.41094916 443.31083688 443.20699235999996 443.09925576 442.98746436 442.87145255999997 442.75105188 442.62609096 442.49639556 442.36178856 442.22208996 442.07711688 441.92668355999996 441.77060136 441.60867876 441.44072136 441.26653188 441.08591015999997 440.89865316 440.70455496 440.50340675999996 440.29499688 440.07911076 439.85553095999995 439.62403716 439.38440615999997 439.13641187999997 438.87982536 438.61441476 438.33994536 438.05617956 437.76287687999996 437.45979395999996 437.14668456 436.82329956 436.48938696 436.14469188 435.78895656 435.42192036
443.74102848 443.665425 443.58750528 443.50713828 443.42419008 443.33852388 443.25 443.15847588 443.06380608 442.96584228 442.86443328 442.759425 442.65066048 442.53797988 442.42122048 442.30021668 442.1748 442.04479908 441.91003968 441.77034468 441.62553407999997 441.475425 441.31983168 441.15856548 440.99143488 440.81824548000003 440.6388 440.45289828 440.26033728 440.06091108 439.85441088 439.640625 439.41933888 439.19033508 438.95339328 438.70829028 438.4548 438.19269348 437.92173888 437.64170148 437.35234368 437.053425 436.74470208 436.42592867999997 436.09685568 435.75723108 435.4068 435.04530468 434.67248448
443.21649636 443.13621288 443.05358916 442.96849416000003 442.88079396 442.79035176 442.69702788 442.60067976 442.50116196 442.39832616 442.29202116 442.18209288 442.06838436000004 441.95073576000004 441.82898436 441.70296456 441.57250788 441.43744296 441.29759556 441.15278856000003 441.00284196 440.84757288000003 440.68679556 440.52032136 440.34795876 440.16951336 439.98478788 439.79358216 439.59569316 439.39091496000003 439.17903876 438.95985288 438.73314276 438.49869096 438.25627716 438.00567816 437.74666788 437.47901736 437.20249476000004 436.91686536000003 436.62189156 436.31733288 436.00294596000003 435.67848456 435.34369956 434.99833896 434.64214788000004 434.27486856 433.89624036000004
442.66587456 442.58088708 442.49353536 442.40368836000005 442.31121216 442.21596996 442.11782208000005 442.01662596000006 441.91223616 441.80450436 441.69327936 441.57840708000003 441.45973056 441.33708996 441.21032256 441.07926276 440.94374208000005 440.80358916000006 440.65862976000005 440.50868676000005 440.35358016000004 440.19312708 440.02714176 439.85543556000005 439.67781696000003 439.49409156 439.30406208000005 439.10752836000006 438.90428736 438.69413316000004 438.47685696 438.25224708 438.02008896000007 437.78016516 437.53225536 437.27613636 437.01158208000004 436.73836356000004 436.45624896000004 436.16500356000006 435.86438976000005 435.55416708 435.23409216000005 434.90391876 434.56339776000004 434.21227716000004 433.85030208 433.47721476000004 433.09275456000006
442.08872676 441.99901128 441.90690756 441.81228455999997 441.71500836 441.61494216 441.51194627999996 441.40587816 441.29659236 441.18394056 441.06777156 440.94793128 440.82426276 440.69660616 440.56479876 440.42867495999997 440.28806627999995 440.14280135999996 439.99270595999997 439.83760295999997 439.67731236 439.51165127999997 439.34043396 439.16347176 438.98057315999995 438.79154375999997 438.59618628 438.39430056 438.18568356 437.97012936 437.74742915999997 437.51737127999996 437.27974115999996 437.03432136 436.78089156 436.51922856 436.24910628 435.97029576 435.68256515999997 435.38567975999996 435.07940196 434.76349128 434.43770436 434.10179495999995 433.75551396 433.39860935999997 433.03082628 432.65190695999996 432.26159076
441.48461376 441.39014628 441.29326656 441.19384356 441.09174336 440.98682916 440.87896128 440.76799716 440.65379136 440.53619556 440.41505856 440.29022628 440.16154176 440.02884516 439.89197376 439.75076196 439.60504128 439.45464036 439.29938496 439.13909796 438.97359936 438.80270628 438.62623296 438.44399076 438.25578816 438.06143076 437.86072128 437.65345956 437.43944256 437.21846436 436.99031616 436.75478628 436.51166016 436.26072036 436.00174656 435.73451556 435.45880128 435.17437476 434.88100416 434.57845476 434.26648896 433.94486628 433.61334336 433.27167396 432.91960896 432.55689636 432.18328128 431.79850596 431.40230976
440.85309348 440.75385 440.65217028 440.54792328 440.44097508000004 440.33118888 440.218425 440.10254088 439.98339108 439.86082728 439.73469828000003 439.60485 439.47112548 439.33336488000003 439.19140548 439.04508168 438.894225 438.73866408000004 438.57822468 438.41272968000004 438.24199908 438.06585 437.88409668 437.69655048000004 437.50301988 437.30331048 437.09722500000004 436.88456328 436.66512228 436.43869608 436.20507588 435.96405000000004 435.71540388 435.45892008 435.19437828 434.92155528 434.64022500000004 434.35015848 434.05112388000003 433.74288648000004 433.42520868 433.09785 432.76056708 432.41311368000004 432.05524068 431.68669608000005 431.307225 430.91656968 430.51446948
440.19372096 440.08967748000003 439.98317376 439.87407876000003 439.76225856 439.64757636 439.52989248 439.40906436 439.28494656000004 439.15739076 439.02624576000005 438.89135748 438.75256896 438.60972036000004 438.46264896 438.31118916 438.15517248000003 437.99442756 437.82878016 437.65805316 437.48206656 437.30063748000003 437.11358016 436.92070596 436.72182336000003 436.51673796 436.30525248000004 436.08716676 435.86227776000004 435.63037956000005 435.39126336000004 435.14471748000005 434.89052736 434.62847556 434.35834176000003 434.07990276000004 433.79293248000005 433.49720196000004 433.19247936000005 432.87852996000004 432.55511616 432.22199748 431.87893056 431.52566916 431.16196416 430.78756356 430.40221248000006 430.00565316 429.59762496
439.50604835999997 439.39718087999995 439.28582916 439.17186216 439.05514595999995 438.93554376 438.81291588 438.68711976 438.55800996 438.42543816 438.28925316 438.14930088 438.00542435999995 437.85746376 437.70525635999996 437.54863656 437.38743588 437.22148296 437.05060355999996 436.87462056 436.69335395999997 436.50662087999996 436.31423556 436.11600935999996 435.91175075999996 435.70126536 435.48435587999995 435.26082216 435.03046115999996 434.79306696 434.54843076 434.29634088 434.03658276 433.76893895999996 433.49318916 433.20911015999997 432.91647588 432.61505736 432.30462276 431.98493735999995 431.65576355999997 431.31686088 430.96798595999996 430.60889255999996 430.23933156 429.85905095999993 429.46779588 429.06530855999995 428.65132836
438.78962495999997 438.67590948 438.55968576 438.44082276 438.31918656 438.19464036 438.06704448 437.93625636 437.80213056 437.66451876 437.52326976 437.37822948 437.22924095999997 437.07614436 436.91877696 436.75697316 436.59056448 436.41937956 436.24324415999996 436.06198116 435.87541056 435.68334948 435.48561215999996 435.28200996 435.07235135999997 434.85644196 434.63408448 434.40507876 434.16922175999997 433.92630756 433.67612736 433.41846948 433.15311936 432.87985956 432.59846976 432.30872676 432.01040448 431.70327396 431.38710335999997 431.06165796 430.72670016 430.38198948 430.02728256 429.66233316 429.28689216 428.90070756 428.50352448 428.09508516 427.67512896
438.04399716 437.92540968000003 437.80428996 437.68050696 437.55392676 437.42441256 437.29182468 437.15602056 437.01685476 436.87417896000005 436.72784196000003 436.57768968 436.42356516 436.26530856 436.10275716 435.93574536 435.76410468 435.58766376000005 435.40624836 435.21968136000004 435.02778276000004 434.83036968 434.62725636 434.41825416 434.20317156000004 433.98181416 433.75398468000003 433.51948296 433.27810596 433.02964776 432.77389956 432.51064968000003 432.23968356 431.96078376 431.67372996000006 431.37829896 431.07426468 430.76139816 430.43946756 430.10823816000004 429.76747236 429.41692968 429.05636676000006 428.68553736 428.30419236 427.91207976 427.50894468 427.09452936 426.66857316000005
437.26870848000004 437.14522500000004 437.01918528000004 436.89045828 436.75891008 436.62440388000005 436.4868 436.34595588 436.20172608 436.05396228000006 435.90251328000005 435.747225 435.58794048000004 435.42449988000004 435.25674048 435.08449668000003 434.90760000000006 434.72587908 434.53915968 434.34726468 434.15001408 433.947225 433.73871168000005 433.52428548000006 433.30375488000004 433.07692548000006 432.84360000000004 432.60357828 432.35665728000004 432.10263108000004 431.84129088000003 431.57242500000007 431.29581888000007 431.01125508000007 430.71851328 430.41737028000006 430.10760000000005 429.78897348000004 429.46125888000006 429.12422148 428.77762368000003 428.42122500000005 428.05478208000005 427.67804868 427.29077568 426.89271108 426.4836 426.06318468000006 425.63120448000006
436.46329956 436.33489607999996 436.20391235999995 436.07021735999996 435.93367715999995 435.79415495999996 435.65151108 435.50560296 435.35628515999997 435.20340935999997 435.04682435999996 434.88637608 434.72190756 434.55325895999994 434.38026756 434.20276776 434.02059108 433.83356616 433.64151875999994 433.44427176 433.24164515999996 433.03345607999995 432.81951875999994 432.59964455999994 432.37364196 432.14131655999995 431.90247107999994 431.65690536 431.40441635999997 431.14479815999994 430.87784195999996 430.60333607999996 430.32106595999994 430.03081416 429.73236036 429.42548135999994 429.10995108 428.78554055999996 428.45201796 428.10914855999994 427.75669475999996 427.39441608 427.02206916 426.63940776 426.24618275999995 425.8421421599999 425.42703107999995 425.00059175999996 424.56256355999994
435.62730816 435.49396068 435.35800896 435.21932196 435.07776576 434.93320356 434.78549568 434.63449956 434.48006976 434.32205796 434.16031296 433.99468068 433.82500416 433.65112356 433.47287616 433.29009636 433.10261568 432.91026276 432.71286336 432.51024036 432.30221376 432.08860067999996 431.86921536 431.64386916 431.41237056 431.17452516 430.93013568 430.67900196 430.42092096 430.15568676 429.88309055999997 429.60292068 429.31496255999997 429.01899876 428.71480896 428.40216996 428.08085568 427.75063716 427.41128255999996 427.06255716 426.70422336 426.33604068 425.95776576 425.56915236 425.16995135999997 424.75991075999997 424.33877567999997 423.90628835999996 423.46218816
434.76026916 434.62195368 434.48100996 434.33730696000003 434.19071076 434.04108456 433.88828868 433.73218056 433.57261476 433.40944296 433.24251396 433.07167368 432.89676516000003 432.71762856000004 432.53410116 432.34601736 432.15320868 431.95550376 431.75272836 431.54470536 431.33125476000004 431.11219368 430.88733636 430.65649416 430.41947556 430.17608616 429.92612868 429.66940296 429.40570596000003 429.13483176 428.85657156 428.57071368 428.27704356000004 427.97534376 427.66539396 427.34697096 427.01984868 426.68379816000004 426.33858756 425.98398216 425.61974436 425.24563367999997 424.86140676 424.46681736 424.06161636 423.64555176 423.21836868 422.77980936 422.32961316
433.86171456 433.71840708 433.57244736 433.42370436000004 433.27204416000006 433.11732996 432.95942208 432.79817796000003 432.63345216000005 432.46509636 432.29295936000005 432.11688708 431.93672256 431.75230596000006 431.56347456000003 431.37006276000005 431.17190208 430.96882116 430.76064576000005 430.54719876 430.32830016 430.10376708 429.87341376 429.63705156000003 429.39448896 429.14553156 428.88998208000004 428.62764036000004 428.35830336000004 428.08176516000003 427.79781696000003 427.50624708000004 427.20684096 426.89938116 426.58364736000004 426.25941636000005 425.92646208 425.58455556 425.23346496000005 424.87295556000004 424.50278976000004 424.12272708 423.73252416 423.33193476 422.92070976 422.49859716000003 422.06534208000005 421.62068676 421.16437056
432.93117348 432.78284999999994 432.63185028 432.47804327999995 432.32129507999997 432.16146888 431.998425 431.83202087999996 431.66211108 431.48854728 431.31117828 431.12985 430.94440547999994 430.75468487999996 430.56052547999997 430.36176168 430.15822499999996 429.94974407999996 429.73614467999994 429.51724967999996 429.29287908 429.06284999999997 428.82697668 428.58507047999996 428.33693988 428.08239047999996 427.82122499999997 427.55324327999995 427.27824228 426.99601607999995 426.70635587999993 426.40905 426.10388387999996 425.79064008 425.46909827999997 425.13903528 424.80022499999995 424.45243847999996 424.09544387999995 423.72900647999995 423.35288868 422.96684999999997 422.57064707999996 422.16403367999993 421.74676067999997 421.31857607999996 420.87922499999996 420.42844967999997 419.96598947999996
431.96817216 431.81480868 431.65874496 431.49984996 431.33798975999997 431.17302756 431.00482368 430.83323556 430.65811776 430.47932196 430.29669695999996 430.11008868 429.91934016 429.72429156 429.52478016 429.32064035999997 429.11170368 428.89779876 428.67875136 428.45438436 428.22451775999997 427.98896867999997 427.74755136 427.50007716 427.24635456 426.98618916 426.71938367999996 426.44573796 426.16504896 425.87711076 425.58171455999997 425.27864868 424.96769856 424.64864676 424.32127296 423.98535396 423.64066368 423.28697316 422.92405056 422.55166116 422.16956736 421.77752868 421.37530176 420.96264035999997 420.53929536 420.10501475999996 419.65954368 419.20262435999996 418.73399616
430.97223396000004 430.81380648 430.65265476 430.48864776 430.32165156 430.15152936 429.97814148 429.80134536 429.62099556 429.43694376 429.24903876 429.05712648 428.86104996 428.66064936 428.45576196 428.24622216 428.03186148000003 427.81250856 427.58798916 427.35812616 427.12273956 426.88164648 426.63466116 426.38159496000003 426.12225636 425.85645096 425.58398148 425.30464776 425.01824676 424.72457256 424.42341636 424.11456648 423.79780836000003 423.47292456 423.13969476 422.79789576 422.44730148 422.08768296 421.71880836 421.34044296 420.95234916 420.55428648000003 420.14601156000003 419.72727815999997 419.29783716000003 418.85743656 418.40582148 417.94273416 417.46791396000003
